1	-0.74904	0.47032	0.45535	-0.68809	0.49052	-0.3497	-0.14874	0.47055	-0.74904	1	-0.25555	-0.20295	0.51164	-0.17766	0.35639	0.37374	-0.5466	0.47032	-0.25555	1	0.7391	0.10886	0.35317	0.52964	-0.0065999	-0.23757	0.45535	-0.20295	0.7391	1	0.11997	0.48042	0.27775	-0.33858	0.07399	-0.68809	0.51164	0.10886	0.11997	1	-0.14896	0.66425	-0.23478	-0.63632	0.49052	-0.17766	0.35317	0.48042	-0.14896	1	0.19125	-0.19449	-0.082604	-0.3497	0.35639	0.52964	0.27775	0.66425	0.19125	1	0.10645	-0.83574	-0.14874	0.37374	-0.0065999	-0.33858	-0.23478	-0.19449	0.10645	1	-0.14537	0.47055	-0.5466	-0.23757	0.07399	-0.63632	-0.082604	-0.83574	-0.14537	1
