1	-0.34488	0.1507	-0.34595	0.13649	0.25807	0.081203	-0.27966	-0.38451	-0.34488	1	-0.63311	0.40057	-0.34352	0.43524	0.25259	0.055587	-0.31424	0.1507	-0.63311	1	-0.43181	-0.17453	-0.40083	0.17081	0.089821	0.55428	-0.34595	0.40057	-0.43181	1	-0.070455	0.12461	-0.35665	0.10836	-0.25507	0.13649	-0.34352	-0.17453	-0.070455	1	-0.36989	-0.48402	-0.50386	-0.061189	0.25807	0.43524	-0.40083	0.12461	-0.36989	1	0.40665	0.13098	-0.14935	0.081203	0.25259	0.17081	-0.35665	-0.48402	0.40665	1	0.16046	0.096253	-0.27966	0.055587	0.089821	0.10836	-0.50386	0.13098	0.16046	1	0.092735	-0.38451	-0.31424	0.55428	-0.25507	-0.061189	-0.14935	0.096253	0.092735	1
