1	-0.57949	0.43176	0.060664	-0.60027	0.11517	-0.075908	0.41034	0.035351	-0.57949	1	-0.36787	-0.51622	0.14059	-0.32399	0.015331	-0.27104	-0.26555	0.43176	-0.36787	1	-0.20459	-0.20506	0.17981	-0.26405	0.041084	0.30374	0.060664	-0.51622	-0.20459	1	0.20432	0.29857	0.10797	0.16236	-0.04201	-0.60027	0.14059	-0.20506	0.20432	1	-0.27247	-0.25995	-0.13757	-0.36155	0.11517	-0.32399	0.17981	0.29857	-0.27247	1	0.59897	0.24114	0.69824	-0.075908	0.015331	-0.26405	0.10797	-0.25995	0.59897	1	0.12971	0.11175	0.41034	-0.27104	0.041084	0.16236	-0.13757	0.24114	0.12971	1	0.040043	0.035351	-0.26555	0.30374	-0.04201	-0.36155	0.69824	0.11175	0.040043	1
