1	0.23105	-0.21974	-0.064395	0.15783	0.32562	-0.098066	-0.54278	0.67031	0.23105	1	0.08005	-0.29418	0.15793	0.15039	-0.2819	0.19234	0.69894	-0.21974	0.08005	1	-0.075009	0.30892	-0.36366	0.17208	0.06603	0.011009	-0.064395	-0.29418	-0.075009	1	-0.4685	0.51874	-0.29424	0.33094	-0.11241	0.15783	0.15793	0.30892	-0.4685	1	-0.064792	0.27611	-0.62521	0.25948	0.32562	0.15039	-0.36366	0.51874	-0.064792	1	-0.6448	0.14965	0.36894	-0.098066	-0.2819	0.17208	-0.29424	0.27611	-0.6448	1	-0.45397	-0.24879	-0.54278	0.19234	0.06603	0.33094	-0.62521	0.14965	-0.45397	1	-0.10094	0.67031	0.69894	0.011009	-0.11241	0.25948	0.36894	-0.24879	-0.10094	1
