1	0.53413	0.41726	-0.727	-0.31471	-0.28207	-0.21888	0.16258	-0.069104	0.53413	1	0.46017	-0.10315	0.39781	-0.04195	0.27263	0.23698	-0.25804	0.41726	0.46017	1	-0.28451	0.075152	0.0090749	-0.31878	0.39601	-0.18574	-0.727	-0.10315	-0.28451	1	0.19916	0.24701	0.4995	0.050096	0.014129	-0.31471	0.39781	0.075152	0.19916	1	0.29597	0.41361	-0.1061	0.011745	-0.28207	-0.04195	0.0090749	0.24701	0.29597	1	-0.014519	-0.15934	0.36174	-0.21888	0.27263	-0.31878	0.4995	0.41361	-0.014519	1	-0.13487	0.15663	0.16258	0.23698	0.39601	0.050096	-0.1061	-0.15934	-0.13487	1	-0.40807	-0.069104	-0.25804	-0.18574	0.014129	0.011745	0.36174	0.15663	-0.40807	1
