1	0.25401	-0.020403	0.20537	-0.083684	-0.0097998	0.44003	0.026037	0.56909	0.25401	1	-0.50864	0.38344	-0.60356	-0.29965	0.14395	0.12518	-0.23055	-0.020403	-0.50864	1	-0.22095	0.80092	0.69775	0.10921	0.53849	0.34924	0.20537	0.38344	-0.22095	1	-0.10412	0.17187	0.53975	0.25462	-0.57234	-0.083684	-0.60356	0.80092	-0.10412	1	0.3637	0.23281	0.24097	0.26579	-0.0097998	-0.29965	0.69775	0.17187	0.3637	1	0.22704	0.64123	-0.051164	0.44003	0.14395	0.10921	0.53975	0.23281	0.22704	1	0.34865	0.07969	0.026037	0.12518	0.53849	0.25462	0.24097	0.64123	0.34865	1	0.030598	0.56909	-0.23055	0.34924	-0.57234	0.26579	-0.051164	0.07969	0.030598	1
