1	-0.012895	0.50422	-0.38748	0.3286	0.49162	0.28464	-0.30995	-0.2934	-0.012895	1	0.017862	-0.47594	0.24561	0.15322	-0.20539	0.10452	-0.62626	0.50422	0.017862	1	-0.55455	-0.047448	0.3064	-0.021901	-0.00066654	-0.30923	-0.38748	-0.47594	-0.55455	1	-0.029669	-0.54602	0.36006	-0.028661	0.79322	0.3286	0.24561	-0.047448	-0.029669	1	0.16407	0.29814	-0.56935	-0.19985	0.49162	0.15322	0.3064	-0.54602	0.16407	1	-0.28138	-0.16106	-0.22292	0.28464	-0.20539	-0.021901	0.36006	0.29814	-0.28138	1	-0.25712	0.32352	-0.30995	0.10452	-0.00066654	-0.028661	-0.56935	-0.16106	-0.25712	1	-0.041709	-0.2934	-0.62626	-0.30923	0.79322	-0.19985	-0.22292	0.32352	-0.041709	1
