1	0.080135	-0.03757	-0.33061	0.70819	-0.70308	0.28576	0.58613	0.042381	0.080135	1	0.29276	-0.49289	0.29489	-0.25739	-0.2561	0.11176	0.16232	-0.03757	0.29276	1	-0.099123	-0.39597	0.23333	-0.040216	0.20223	-0.040356	-0.33061	-0.49289	-0.099123	1	-0.56133	0.26153	0.070391	-0.37561	-0.048428	0.70819	0.29489	-0.39597	-0.56133	1	-0.72275	0.057045	0.37832	0.1042	-0.70308	-0.25739	0.23333	0.26153	-0.72275	1	-0.36794	-0.23317	-0.26222	0.28576	-0.2561	-0.040216	0.070391	0.057045	-0.36794	1	-0.37681	-0.39754	0.58613	0.11176	0.20223	-0.37561	0.37832	-0.23317	-0.37681	1	0.42173	0.042381	0.16232	-0.040356	-0.048428	0.1042	-0.26222	-0.39754	0.42173	1
