1	-0.20273	0.66946	0.17781	-0.61752	-0.60434	-0.10751	0.36536	0.059894	-0.20273	1	-0.25765	0.38531	0.45419	-0.076739	0.2933	-0.013825	0.29834	0.66946	-0.25765	1	-0.055218	-0.46922	-0.39826	0.28701	0.29333	-0.081767	0.17781	0.38531	-0.055218	1	-0.17122	-0.55326	-0.12582	0.36629	-0.10124	-0.61752	0.45419	-0.46922	-0.17122	1	0.38594	0.19342	-0.73401	-0.12508	-0.60434	-0.076739	-0.39826	-0.55326	0.38594	1	0.1484	-0.43429	-0.2298	-0.10751	0.2933	0.28701	-0.12582	0.19342	0.1484	1	-0.23456	-0.29807	0.36536	-0.013825	0.29333	0.36629	-0.73401	-0.43429	-0.23456	1	0.13623	0.059894	0.29834	-0.081767	-0.10124	-0.12508	-0.2298	-0.29807	0.13623	1
