1	-0.20416	-0.45334	-0.06639	0.10747	0.10207	-0.11172	-0.0088988	-0.034489	-0.20416	1	0.26142	-0.40723	0.084855	-0.34695	0.28333	0.024474	-0.45909	-0.45334	0.26142	1	0.41175	-0.31833	-0.19478	-0.11352	-0.1106	0.038807	-0.06639	-0.40723	0.41175	1	-0.38317	0.12932	-0.16542	-0.0090611	-0.032012	0.10747	0.084855	-0.31833	-0.38317	1	0.042953	0.28086	0.42506	0.061843	0.10207	-0.34695	-0.19478	0.12932	0.042953	1	0.08264	0.57964	0.15083	-0.11172	0.28333	-0.11352	-0.16542	0.28086	0.08264	1	0.68447	-0.67519	-0.0088988	0.024474	-0.1106	-0.0090611	0.42506	0.57964	0.68447	1	-0.40602	-0.034489	-0.45909	0.038807	-0.032012	0.061843	0.15083	-0.67519	-0.40602	1
