1	0.032219	0.32081	0.77592	-0.22644	0.53547	0.092942	0.19905	-0.34305	0.032219	1	0.2814	-0.14806	0.47535	-0.41369	0.44449	0.45265	-0.02546	0.32081	0.2814	1	0.34186	0.19377	0.34904	0.081777	0.33829	-0.21962	0.77592	-0.14806	0.34186	1	-0.15981	0.62593	0.081162	0.30034	-0.055638	-0.22644	0.47535	0.19377	-0.15981	1	-0.37355	0.74426	0.42034	-0.43653	0.53547	-0.41369	0.34904	0.62593	-0.37355	1	-0.33109	-0.12148	-0.18326	0.092942	0.44449	0.081777	0.081162	0.74426	-0.33109	1	0.43577	-0.36496	0.19905	0.45265	0.33829	0.30034	0.42034	-0.12148	0.43577	1	-0.068352	-0.34305	-0.02546	-0.21962	-0.055638	-0.43653	-0.18326	-0.36496	-0.068352	1
