1	-0.80008	0.303	-0.037871	-0.010554	0.19656	0.074817	0.26435	-0.4125	-0.80008	1	-0.17576	0.23484	0.093865	0.035383	0.03788	-0.25728	0.30613	0.303	-0.17576	1	0.25232	-0.60932	0.30437	0.36481	0.19672	0.32098	-0.037871	0.23484	0.25232	1	0.040886	0.72243	0.48322	-0.01783	0.6026	-0.010554	0.093865	-0.60932	0.040886	1	0.13874	-0.35384	-0.45449	-0.55979	0.19656	0.035383	0.30437	0.72243	0.13874	1	0.16372	-0.27916	0.27808	0.074817	0.03788	0.36481	0.48322	-0.35384	0.16372	1	0.64683	0.63942	0.26435	-0.25728	0.19672	-0.01783	-0.45449	-0.27916	0.64683	1	0.27623	-0.4125	0.30613	0.32098	0.6026	-0.55979	0.27808	0.63942	0.27623	1
