1	0.20104	-0.54351	-0.10684	-0.29678	-0.012548	0.38122	0.27418	-0.45923	0.20104	1	-0.63912	-0.061606	-0.69099	-0.014105	0.17459	0.18931	-0.21244	-0.54351	-0.63912	1	0.41919	0.73261	0.18044	-0.19521	-0.43409	0.55108	-0.10684	-0.061606	0.41919	1	0.48735	-0.052934	0.11985	-0.37562	0.1451	-0.29678	-0.69099	0.73261	0.48735	1	-0.2514	-0.48159	-0.54001	0.27231	-0.012548	-0.014105	0.18044	-0.052934	-0.2514	1	0.35131	0.076326	-0.018506	0.38122	0.17459	-0.19521	0.11985	-0.48159	0.35131	1	0.52313	-0.0024567	0.27418	0.18931	-0.43409	-0.37562	-0.54001	0.076326	0.52313	1	-0.4108	-0.45923	-0.21244	0.55108	0.1451	0.27231	-0.018506	-0.0024567	-0.4108	1
