1	-0.19046	0.45576	-0.31875	-0.26391	0.26021	-0.29008	0.065976	0.045954	-0.19046	1	-0.5966	-0.034137	0.39066	0.64647	-0.6929	-0.47515	0.15514	0.45576	-0.5966	1	0.049085	-0.43911	-0.2823	0.045756	0.51114	0.011552	-0.31875	-0.034137	0.049085	1	0.2929	-0.16684	-0.15974	0.19286	-0.49346	-0.26391	0.39066	-0.43911	0.2929	1	0.41256	-0.41148	-0.43604	0.054409	0.26021	0.64647	-0.2823	-0.16684	0.41256	1	-0.69637	-0.40004	0.46649	-0.29008	-0.6929	0.045756	-0.15974	-0.41148	-0.69637	1	0.19718	-0.05159	0.065976	-0.47515	0.51114	0.19286	-0.43604	-0.40004	0.19718	1	-0.30207	0.045954	0.15514	0.011552	-0.49346	0.054409	0.46649	-0.05159	-0.30207	1
