1	-0.2436	0.011003	-0.23561	0.14959	-0.11771	-0.22124	-0.010647	0.60121	-0.2436	1	0.087282	-0.16786	-0.044407	0.28674	-0.41054	-0.48595	-0.38912	0.011003	0.087282	1	-0.18063	0.044866	0.32939	0.18103	-0.12573	-0.4605	-0.23561	-0.16786	-0.18063	1	0.03146	-0.30631	-0.082406	0.17462	-0.056119	0.14959	-0.044407	0.044866	0.03146	1	-0.60779	0.25426	-0.58593	0.059326	-0.11771	0.28674	0.32939	-0.30631	-0.60779	1	-0.382	0.25952	-0.35945	-0.22124	-0.41054	0.18103	-0.082406	0.25426	-0.382	1	0.20959	0.12619	-0.010647	-0.48595	-0.12573	0.17462	-0.58593	0.25952	0.20959	1	0.073509	0.60121	-0.38912	-0.4605	-0.056119	0.059326	-0.35945	0.12619	0.073509	1
