1	0.45091	0.13378	-0.083656	-0.0295	0.30245	0.48481	-0.015907	-0.23202	0.45091	1	-0.088443	0.49275	-0.7152	0.74419	-0.0055416	-0.27607	0.097488	0.13378	-0.088443	1	0.048526	-0.28432	0.028188	0.35837	0.35108	-0.60168	-0.083656	0.49275	0.048526	1	-0.42383	0.2261	-0.32535	-0.25989	0.37852	-0.0295	-0.7152	-0.28432	-0.42383	1	-0.64036	-0.12037	0.058785	-0.035514	0.30245	0.74419	0.028188	0.2261	-0.64036	1	0.09677	-0.38515	-0.11281	0.48481	-0.0055416	0.35837	-0.32535	-0.12037	0.09677	1	0.40436	-0.31303	-0.015907	-0.27607	0.35108	-0.25989	0.058785	-0.38515	0.40436	1	-0.09015	-0.23202	0.097488	-0.60168	0.37852	-0.035514	-0.11281	-0.31303	-0.09015	1
