1	0.65591	-0.67135	-0.42332	0.21186	0.073859	0.32827	-0.10713	-0.27135	0.65591	1	-0.59843	-0.39293	0.38595	0.43948	-0.14302	0.26447	-0.2199	-0.67135	-0.59843	1	0.12647	0.20872	-0.030674	-0.10653	0.28933	0.22537	-0.42332	-0.39293	0.12647	1	-0.30109	-0.29956	-0.018754	-0.43031	0.39536	0.21186	0.38595	0.20872	-0.30109	1	0.35126	-0.38339	0.68188	-0.15258	0.073859	0.43948	-0.030674	-0.29956	0.35126	1	0.12253	0.1645	-0.096264	0.32827	-0.14302	-0.10653	-0.018754	-0.38339	0.12253	1	-0.74058	0.059334	-0.10713	0.26447	0.28933	-0.43031	0.68188	0.1645	-0.74058	1	-0.10777	-0.27135	-0.2199	0.22537	0.39536	-0.15258	-0.096264	0.059334	-0.10777	1
