1	0.48548	-0.27898	0.54335	-0.016172	0.34704	0.00028424	-0.31384	-0.38685	0.48548	1	-0.23731	-0.16835	0.20741	0.12583	0.051803	-0.43466	-0.15223	-0.27898	-0.23731	1	-0.3789	0.70349	-0.26063	0.053944	0.60993	-0.26092	0.54335	-0.16835	-0.3789	1	-0.39843	0.29144	-0.091042	-0.021025	0.012826	-0.016172	0.20741	0.70349	-0.39843	1	-0.28853	0.33681	0.48866	-0.47789	0.34704	0.12583	-0.26063	0.29144	-0.28853	1	0.54664	-0.40613	0.079912	0.00028424	0.051803	0.053944	-0.091042	0.33681	0.54664	1	-0.052489	0.10952	-0.31384	-0.43466	0.60993	-0.021025	0.48866	-0.40613	-0.052489	1	-0.038508	-0.38685	-0.15223	-0.26092	0.012826	-0.47789	0.079912	0.10952	-0.038508	1
