1	0.21305	0.26071	0.096301	-0.52126	0.39266	-0.45214	0.19604	-0.55386	0.21305	1	-0.060513	-0.27414	-0.65713	0.32884	-0.36262	-0.15297	-0.23868	0.26071	-0.060513	1	0.021749	-0.072686	0.25042	0.18386	0.66	0.14602	0.096301	-0.27414	0.021749	1	0.18651	-0.21826	0.11393	-0.36489	-0.11282	-0.52126	-0.65713	-0.072686	0.18651	1	-0.78798	0.40183	0.087379	0.48089	0.39266	0.32884	0.25042	-0.21826	-0.78798	1	-0.23469	0.087605	-0.2928	-0.45214	-0.36262	0.18386	0.11393	0.40183	-0.23469	1	0.040465	0.62097	0.19604	-0.15297	0.66	-0.36489	0.087379	0.087605	0.040465	1	0.2201	-0.55386	-0.23868	0.14602	-0.11282	0.48089	-0.2928	0.62097	0.2201	1
