1	-0.16306	-0.20564	-0.10193	0.22437	-0.43674	-0.31478	-0.11483	-0.61544	-0.16306	1	-0.3335	0.0684	0.18619	-0.39028	0.084323	-0.17952	0.18404	-0.20564	-0.3335	1	0.33573	0.23459	0.31657	-0.27019	-0.38413	0.15513	-0.10193	0.0684	0.33573	1	0.11894	0.14078	-0.066722	0.25562	0.33598	0.22437	0.18619	0.23459	0.11894	1	-0.074417	-0.028071	0.058486	-0.11877	-0.43674	-0.39028	0.31657	0.14078	-0.074417	1	0.22042	0.18513	0.60534	-0.31478	0.084323	-0.27019	-0.066722	-0.028071	0.22042	1	0.45775	0.45129	-0.11483	-0.17952	-0.38413	0.25562	0.058486	0.18513	0.45775	1	0.24382	-0.61544	0.18404	0.15513	0.33598	-0.11877	0.60534	0.45129	0.24382	1
