1	0.43538	0.27953	-0.47098	-0.48477	-0.31403	-0.30253	-0.39979	-0.11962	0.43538	1	0.18217	-0.44287	-0.61256	0.13183	-0.14141	0.087942	-0.44817	0.27953	0.18217	1	-0.14935	-0.2932	0.045717	-0.40235	0.048388	-0.43897	-0.47098	-0.44287	-0.14935	1	0.83347	0.67265	-0.2059	0.38921	0.17703	-0.48477	-0.61256	-0.2932	0.83347	1	0.42413	-0.31807	0.23049	0.13443	-0.31403	0.13183	0.045717	0.67265	0.42413	1	-0.22795	0.63791	-0.019258	-0.30253	-0.14141	-0.40235	-0.2059	-0.31807	-0.22795	1	0.28087	0.44122	-0.39979	0.087942	0.048388	0.38921	0.23049	0.63791	0.28087	1	-0.1214	-0.11962	-0.44817	-0.43897	0.17703	0.13443	-0.019258	0.44122	-0.1214	1
