1	-0.061191	0.58148	-0.54128	-0.392	-0.25387	-0.26993	0.026368	-0.3887	-0.061191	1	-0.39596	0.37001	-0.24904	-0.0083108	-0.1601	0.21165	-0.057405	0.58148	-0.39596	1	-0.5741	0.053296	-0.34347	0.1869	-0.1596	-0.054585	-0.54128	0.37001	-0.5741	1	0.0018132	0.14224	-0.040386	0.63966	-0.07336	-0.392	-0.24904	0.053296	0.0018132	1	-0.58328	0.46321	-0.091274	0.7853	-0.25387	-0.0083108	-0.34347	0.14224	-0.58328	1	-0.478	0.016433	-0.28568	-0.26993	-0.1601	0.1869	-0.040386	0.46321	-0.478	1	0.047973	0.089942	0.026368	0.21165	-0.1596	0.63966	-0.091274	0.016433	0.047973	1	-0.35948	-0.3887	-0.057405	-0.054585	-0.07336	0.7853	-0.28568	0.089942	-0.35948	1
