1	0.10402	-0.4568	-0.56443	0.25838	-0.014206	0.69169	-0.24722	-0.35439	0.10402	1	0.018478	0.35482	0.12871	-0.43217	0.14975	0.11069	-0.11457	-0.4568	0.018478	1	0.50108	-0.4287	0.24119	-0.04693	-0.0006604	0.46051	-0.56443	0.35482	0.50108	1	-0.26246	-0.45012	-0.25895	-0.032887	0.24616	0.25838	0.12871	-0.4287	-0.26246	1	-0.48703	0.28155	-0.58525	-0.93905	-0.014206	-0.43217	0.24119	-0.45012	-0.48703	1	-0.036615	0.2878	0.58794	0.69169	0.14975	-0.04693	-0.25895	0.28155	-0.036615	1	-0.17293	-0.24293	-0.24722	0.11069	-0.0006604	-0.032887	-0.58525	0.2878	-0.17293	1	0.62862	-0.35439	-0.11457	0.46051	0.24616	-0.93905	0.58794	-0.24293	0.62862	1
