1	0.35195	0.031218	0.16219	-0.46344	-0.051222	0.46313	0.081611	-0.33131	0.35195	1	0.040603	-0.11345	0.043517	-0.46466	-0.31888	0.085537	0.18883	0.031218	0.040603	1	0.10571	0.22629	-0.20672	0.21563	0.06751	0.31438	0.16219	-0.11345	0.10571	1	-0.068653	-0.20479	0.031681	-0.21238	-0.098341	-0.46344	0.043517	0.22629	-0.068653	1	-0.2631	-0.15387	-0.21934	0.58154	-0.051222	-0.46466	-0.20672	-0.20479	-0.2631	1	-0.032251	0.57232	0.16057	0.46313	-0.31888	0.21563	0.031681	-0.15387	-0.032251	1	-0.20404	-0.17582	0.081611	0.085537	0.06751	-0.21238	-0.21934	0.57232	-0.20404	1	0.49363	-0.33131	0.18883	0.31438	-0.098341	0.58154	0.16057	-0.17582	0.49363	1
