1	0.052749	-0.076984	0.083741	0.15382	0.18216	0.23255	0.26371	-0.49008	0.052749	1	0.25254	0.47809	0.047989	0.77505	-0.11406	0.10381	0.46376	-0.076984	0.25254	1	0.51907	0.50728	0.12667	-0.62755	0.53676	-0.090153	0.083741	0.47809	0.51907	1	0.23859	0.46469	-0.38527	0.61683	0.22107	0.15382	0.047989	0.50728	0.23859	1	0.26847	-0.0011835	0.60495	-0.25391	0.18216	0.77505	0.12667	0.46469	0.26847	1	-0.17431	0.12849	0.51761	0.23255	-0.11406	-0.62755	-0.38527	-0.0011835	-0.17431	1	0.013802	-0.20201	0.26371	0.10381	0.53676	0.61683	0.60495	0.12849	0.013802	1	-0.3901	-0.49008	0.46376	-0.090153	0.22107	-0.25391	0.51761	-0.20201	-0.3901	1
