1	0.28175	-0.22295	-0.086622	-0.36306	-0.43357	0.42306	-0.11884	0.63692	0.28175	1	-0.36859	0.64923	0.34377	0.17926	-0.31172	-0.43279	-0.059719	-0.22295	-0.36859	1	-0.22074	0.3717	-0.038275	-0.30616	0.11231	-0.24217	-0.086622	0.64923	-0.22074	1	0.31847	0.027884	-0.3327	-0.31052	-0.34606	-0.36306	0.34377	0.3717	0.31847	1	0.041196	-0.87737	-0.47398	-0.52748	-0.43357	0.17926	-0.038275	0.027884	0.041196	1	-0.059525	0.1418	-0.05739	0.42306	-0.31172	-0.30616	-0.3327	-0.87737	-0.059525	1	0.52529	0.42942	-0.11884	-0.43279	0.11231	-0.31052	-0.47398	0.1418	0.52529	1	-0.12889	0.63692	-0.059719	-0.24217	-0.34606	-0.52748	-0.05739	0.42942	-0.12889	1
