1	-0.62098	-0.060917	-0.21501	-0.4827	-0.017288	-0.39171	0.36836	-0.1839	-0.62098	1	0.27879	0.3158	0.077724	0.075594	0.54505	-0.32003	-0.33688	-0.060917	0.27879	1	0.18231	0.44531	-0.63973	-0.23261	-0.38172	0.42157	-0.21501	0.3158	0.18231	1	-0.12644	0.10315	0.072508	0.58678	-0.050638	-0.4827	0.077724	0.44531	-0.12644	1	-0.78073	-0.3632	-0.54792	0.76253	-0.017288	0.075594	-0.63973	0.10315	-0.78073	1	0.43687	0.41903	-0.64185	-0.39171	0.54505	-0.23261	0.072508	-0.3632	0.43687	1	-0.1172	-0.5491	0.36836	-0.32003	-0.38172	0.58678	-0.54792	0.41903	-0.1172	1	-0.3028	-0.1839	-0.33688	0.42157	-0.050638	0.76253	-0.64185	-0.5491	-0.3028	1
