1	0.51945	0.064326	0.53421	0.73141	0.34075	0.13348	0.34831	-0.39995	0.51945	1	-0.039325	0.52651	0.59624	-0.29346	-0.07823	0.05069	-0.51248	0.064326	-0.039325	1	-0.29539	-0.13332	-0.10263	-0.014716	0.5777	-0.16454	0.53421	0.52651	-0.29539	1	0.85061	0.20519	-0.22297	0.33872	-0.48664	0.73141	0.59624	-0.13332	0.85061	1	0.16533	0.004927	0.44892	-0.63669	0.34075	-0.29346	-0.10263	0.20519	0.16533	1	0.22465	0.41472	-0.081498	0.13348	-0.07823	-0.014716	-0.22297	0.004927	0.22465	1	0.037088	0.056585	0.34831	0.05069	0.5777	0.33872	0.44892	0.41472	0.037088	1	-0.52281	-0.39995	-0.51248	-0.16454	-0.48664	-0.63669	-0.081498	0.056585	-0.52281	1
