1	-0.13724	-0.79299	0.65011	0.63701	0.11185	-0.42523	-0.30943	-0.54141	-0.13724	1	0.22196	0.11748	-0.32411	0.075987	-0.39796	0.34052	-0.57095	-0.79299	0.22196	1	-0.53782	-0.60085	-0.24321	0.50726	0.53352	0.37555	0.65011	0.11748	-0.53782	1	0.48757	0.1473	-0.46962	-0.028196	-0.76607	0.63701	-0.32411	-0.60085	0.48757	1	0.49965	-0.22378	0.095895	-0.41343	0.11185	0.075987	-0.24321	0.1473	0.49965	1	0.031343	0.54035	-0.36721	-0.42523	-0.39796	0.50726	-0.46962	-0.22378	0.031343	1	0.3999	0.42249	-0.30943	0.34052	0.53352	-0.028196	0.095895	0.54035	0.3999	1	-0.3056	-0.54141	-0.57095	0.37555	-0.76607	-0.41343	-0.36721	0.42249	-0.3056	1
