1	-0.45449	-0.0051416	0.52709	0.3634	0.019186	-0.56398	0.13523	-0.37754	-0.45449	1	0.11649	-0.40383	-0.099056	0.19585	0.27059	-0.1421	-0.064888	-0.0051416	0.11649	1	-0.049715	-0.29772	0.8306	0.39192	-0.10461	-0.20018	0.52709	-0.40383	-0.049715	1	0.6861	-0.22806	-0.40193	0.49752	0.1749	0.3634	-0.099056	-0.29772	0.6861	1	-0.43695	-0.1717	0.56273	0.24672	0.019186	0.19585	0.8306	-0.22806	-0.43695	1	0.47106	-0.073994	-0.46818	-0.56398	0.27059	0.39192	-0.40193	-0.1717	0.47106	1	-0.050475	0.14111	0.13523	-0.1421	-0.10461	0.49752	0.56273	-0.073994	-0.050475	1	0.39146	-0.37754	-0.064888	-0.20018	0.1749	0.24672	-0.46818	0.14111	0.39146	1
