1	-0.028315	0.10436	0.47758	0.21122	0.31541	-0.45195	0.27566	0.12643	-0.028315	1	0.33458	0.42376	0.2345	-0.12404	-0.30486	0.35043	0.2644	0.10436	0.33458	1	0.2483	-0.035146	0.10831	-0.20237	0.25011	0.49923	0.47758	0.42376	0.2483	1	0.29962	-0.059818	-0.14291	0.41745	-0.090308	0.21122	0.2345	-0.035146	0.29962	1	-0.48875	-0.44511	0.23908	0.071781	0.31541	-0.12404	0.10831	-0.059818	-0.48875	1	-0.35741	0.42058	0.4833	-0.45195	-0.30486	-0.20237	-0.14291	-0.44511	-0.35741	1	-0.65002	-0.58705	0.27566	0.35043	0.25011	0.41745	0.23908	0.42058	-0.65002	1	0.31868	0.12643	0.2644	0.49923	-0.090308	0.071781	0.4833	-0.58705	0.31868	1
