1	0.40541	-0.51314	0.26928	0.34496	-0.33489	0.20613	0.34307	0.66895	0.40541	1	0.0032236	0.15883	-0.060335	-0.58017	0.16394	0.25519	0.2221	-0.51314	0.0032236	1	0.10169	-0.64681	0.020023	-0.057938	-0.55463	-0.48987	0.26928	0.15883	0.10169	1	0.021136	-0.32819	0.10996	-0.14943	0.13215	0.34496	-0.060335	-0.64681	0.021136	1	0.146	-0.12967	0.44228	0.38386	-0.33489	-0.58017	0.020023	-0.32819	0.146	1	0.17248	-0.14165	-0.21814	0.20613	0.16394	-0.057938	0.10996	-0.12967	0.17248	1	-0.51627	0.29537	0.34307	0.25519	-0.55463	-0.14943	0.44228	-0.14165	-0.51627	1	0.19494	0.66895	0.2221	-0.48987	0.13215	0.38386	-0.21814	0.29537	0.19494	1
