1	0.16102	0.74731	-0.26008	-0.711	0.1684	-0.092044	0.56316	-0.2444	0.16102	1	-0.10275	-0.084694	-0.31665	-0.58618	-0.061107	0.069221	0.47854	0.74731	-0.10275	1	-0.1239	-0.63069	-0.095461	-0.20069	0.50871	-0.34829	-0.26008	-0.084694	-0.1239	1	0.23951	0.19789	0.44635	-0.30517	0.56439	-0.711	-0.31665	-0.63069	0.23951	1	0.33271	-0.28609	-0.21941	0.018218	0.1684	-0.58618	-0.095461	0.19789	0.33271	1	0.18816	0.1381	-0.23782	-0.092044	-0.061107	-0.20069	0.44635	-0.28609	0.18816	1	-0.29179	0.39352	0.56316	0.069221	0.50871	-0.30517	-0.21941	0.1381	-0.29179	1	-0.015131	-0.2444	0.47854	-0.34829	0.56439	0.018218	-0.23782	0.39352	-0.015131	1
