1	-0.02996	-0.10935	0.023953	-0.31076	-0.35435	0.24277	0.068778	-0.21604	-0.02996	1	-0.46393	-0.035141	0.023871	-0.30795	-0.20493	0.072487	-0.069031	-0.10935	-0.46393	1	0.17595	-0.37792	-0.40154	-0.39137	0.44297	-0.1544	0.023953	-0.035141	0.17595	1	0.066734	-0.15531	0.011752	0.42573	-0.29928	-0.31076	0.023871	-0.37792	0.066734	1	0.491	0.12226	-0.15405	-0.069838	-0.35435	-0.30795	-0.40154	-0.15531	0.491	1	0.30433	-0.69804	0.51472	0.24277	-0.20493	-0.39137	0.011752	0.12226	0.30433	1	-0.41731	0.033975	0.068778	0.072487	0.44297	0.42573	-0.15405	-0.69804	-0.41731	1	-0.8117	-0.21604	-0.069031	-0.1544	-0.29928	-0.069838	0.51472	0.033975	-0.8117	1
