1	0.35952	0.080241	0.18685	0.13977	0.30462	0.37815	0.08704	0.1343	0.35952	1	-0.36405	0.40015	-0.71617	-0.026585	0.61534	0.48353	-0.10899	0.080241	-0.36405	1	-0.33964	0.25989	-0.017336	-0.46512	0.090446	0.032186	0.18685	0.40015	-0.33964	1	-0.38053	0.012548	0.2826	0.11571	-0.079725	0.13977	-0.71617	0.25989	-0.38053	1	0.22886	-0.42441	-0.40225	0.44296	0.30462	-0.026585	-0.017336	0.012548	0.22886	1	0.27869	-0.028021	0.6442	0.37815	0.61534	-0.46512	0.2826	-0.42441	0.27869	1	0.17528	0.1479	0.08704	0.48353	0.090446	0.11571	-0.40225	-0.028021	0.17528	1	-0.1283	0.1343	-0.10899	0.032186	-0.079725	0.44296	0.6442	0.1479	-0.1283	1
