1	0.26231	-0.23526	-0.38232	0.080163	-0.45108	0.30832	-0.084027	0.71801	0.26231	1	0.13136	-0.62977	-0.48022	-0.41176	-0.41839	0.25272	-0.11635	-0.23526	0.13136	1	0.025252	-0.12233	-0.082037	-0.5424	-0.18019	-0.091836	-0.38232	-0.62977	0.025252	1	0.5574	0.28852	0.23547	-0.090173	-0.15625	0.080163	-0.48022	-0.12233	0.5574	1	-0.28501	0.50883	-0.075593	0.24234	-0.45108	-0.41176	-0.082037	0.28852	-0.28501	1	0.074211	0.16262	-0.17759	0.30832	-0.41839	-0.5424	0.23547	0.50883	0.074211	1	-0.15248	0.16473	-0.084027	0.25272	-0.18019	-0.090173	-0.075593	0.16262	-0.15248	1	0.13683	0.71801	-0.11635	-0.091836	-0.15625	0.24234	-0.17759	0.16473	0.13683	1
