1	-0.1599	0.25855	0.54957	-0.17738	0.33784	-0.013908	0.53638	-0.034208	-0.1599	1	-0.50292	-0.47511	-0.53642	0.35104	0.14013	-0.068009	0.50203	0.25855	-0.50292	1	0.69581	0.1054	-0.19645	-0.63008	0.04003	-0.47378	0.54957	-0.47511	0.69581	1	0.13573	-0.014869	-0.32838	0.22823	-0.65776	-0.17738	-0.53642	0.1054	0.13573	1	-0.096989	0.25419	0.29152	-0.32498	0.33784	0.35104	-0.19645	-0.014869	-0.096989	1	0.48372	0.12005	0.19142	-0.013908	0.14013	-0.63008	-0.32838	0.25419	0.48372	1	-0.11254	0.064205	0.53638	-0.068009	0.04003	0.22823	0.29152	0.12005	-0.11254	1	3.23e-05	-0.034208	0.50203	-0.47378	-0.65776	-0.32498	0.19142	0.064205	3.23e-05	1
