1	0.32783	0.14735	0.018523	0.063557	0.39756	0.63374	0.59193	0.22837	0.32783	1	0.35329	-0.14102	0.4509	0.47341	0.28266	0.014063	0.59154	0.14735	0.35329	1	0.077234	0.070266	0.63816	-0.26754	-0.11161	0.49259	0.018523	-0.14102	0.077234	1	-0.34597	0.20644	-0.37257	0.25451	0.087833	0.063557	0.4509	0.070266	-0.34597	1	0.20729	0.19578	0.13207	0.32955	0.39756	0.47341	0.63816	0.20644	0.20729	1	0.043055	0.048938	0.30005	0.63374	0.28266	-0.26754	-0.37257	0.19578	0.043055	1	0.42313	-0.22225	0.59193	0.014063	-0.11161	0.25451	0.13207	0.048938	0.42313	1	-0.19205	0.22837	0.59154	0.49259	0.087833	0.32955	0.30005	-0.22225	-0.19205	1
