1	-0.15168	-0.43756	0.33983	0.3267	0.38511	-0.56514	0.39077	0.22195	-0.15168	1	0.019857	-0.28283	0.046308	0.17412	0.069453	-0.44969	-0.15416	-0.43756	0.019857	1	-0.39018	-0.56668	-0.39738	0.81729	-0.47227	-0.14672	0.33983	-0.28283	-0.39018	1	0.37509	0.20677	-0.52444	0.63842	-0.057447	0.3267	0.046308	-0.56668	0.37509	1	0.79661	-0.30882	0.52905	-0.34256	0.38511	0.17412	-0.39738	0.20677	0.79661	1	-0.24334	0.25623	-0.44138	-0.56514	0.069453	0.81729	-0.52444	-0.30882	-0.24334	1	-0.41053	-0.23924	0.39077	-0.44969	-0.47227	0.63842	0.52905	0.25623	-0.41053	1	-0.26074	0.22195	-0.15416	-0.14672	-0.057447	-0.34256	-0.44138	-0.23924	-0.26074	1
