1	0.0039425	0.024663	-0.043935	-0.40076	-0.3709	-0.2352	0.13873	-0.47539	0.0039425	1	0.23687	-0.37929	-0.12017	-0.11327	0.0055423	0.353	-0.04395	0.024663	0.23687	1	0.0043087	-0.65544	-0.0010992	-0.019706	-0.2519	-0.35078	-0.043935	-0.37929	0.0043087	1	-0.3544	0.13603	-0.07465	-0.51653	-0.14385	-0.40076	-0.12017	-0.65544	-0.3544	1	-0.065258	0.33177	0.36822	0.46015	-0.3709	-0.11327	-0.0010992	0.13603	-0.065258	1	0.29339	0.13623	-0.24818	-0.2352	0.0055423	-0.019706	-0.07465	0.33177	0.29339	1	0.19547	0.30779	0.13873	0.353	-0.2519	-0.51653	0.36822	0.13623	0.19547	1	-0.099423	-0.47539	-0.04395	-0.35078	-0.14385	0.46015	-0.24818	0.30779	-0.099423	1
