1	0.0038226	-0.34798	-0.17094	-0.36275	-0.21561	0.47327	0.21961	-0.47435	0.0038226	1	0.1044	0.14848	0.26197	-0.32958	-0.38528	0.33974	-0.07456	-0.34798	0.1044	1	0.11623	-0.11949	-0.00059709	0.20054	-0.19394	0.77525	-0.17094	0.14848	0.11623	1	-0.37253	0.30511	0.15634	0.053836	0.11504	-0.36275	0.26197	-0.11949	-0.37253	1	-0.31692	-0.77276	0.035925	0.011483	-0.21561	-0.32958	-0.00059709	0.30511	-0.31692	1	-0.0011377	0.30175	-0.28991	0.47327	-0.38528	0.20054	0.15634	-0.77276	-0.0011377	1	-0.1927	0.1686	0.21961	0.33974	-0.19394	0.053836	0.035925	0.30175	-0.1927	1	-0.63617	-0.47435	-0.07456	0.77525	0.11504	0.011483	-0.28991	0.1686	-0.63617	1
