1	0.13155	0.27826	0.2542	0.48924	0.027812	-0.49295	-0.20676	0.31536	0.13155	1	-0.22886	-0.11972	-0.23632	-0.11144	-0.048824	0.14638	0.30296	0.27826	-0.22886	1	-0.087533	0.077619	-0.1379	-0.1748	-0.18434	-0.25172	0.2542	-0.11972	-0.087533	1	0.67441	-0.39489	-0.71467	0.48463	0.18737	0.48924	-0.23632	0.077619	0.67441	1	-0.46252	-0.61183	-0.061045	-0.22342	0.027812	-0.11144	-0.1379	-0.39489	-0.46252	1	0.3102	-0.30823	0.18533	-0.49295	-0.048824	-0.1748	-0.71467	-0.61183	0.3102	1	-0.31599	-0.35704	-0.20676	0.14638	-0.18434	0.48463	-0.061045	-0.30823	-0.31599	1	0.58224	0.31536	0.30296	-0.25172	0.18737	-0.22342	0.18533	-0.35704	0.58224	1
