1	0.1844	0.10234	0.10965	0.13393	-0.48113	0.25889	-0.078748	0.17324	0.1844	1	-0.15465	0.24543	-0.20419	0.50123	0.47412	-0.74029	0.50616	0.10234	-0.15465	1	-0.17256	-0.062856	0.024785	-0.08548	0.032442	0.26994	0.10965	0.24543	-0.17256	1	0.4886	0.29594	-0.087566	0.04141	0.17349	0.13393	-0.20419	-0.062856	0.4886	1	-0.18228	-0.25474	0.27062	-0.0087162	-0.48113	0.50123	0.024785	0.29594	-0.18228	1	0.1945	-0.42567	0.39396	0.25889	0.47412	-0.08548	-0.087566	-0.25474	0.1945	1	-0.16575	-0.042935	-0.078748	-0.74029	0.032442	0.04141	0.27062	-0.42567	-0.16575	1	-0.37842	0.17324	0.50616	0.26994	0.17349	-0.0087162	0.39396	-0.042935	-0.37842	1
