1	0.23387	0.058541	0.015807	-0.45671	-0.24333	0.41146	0.24444	0.035627	0.23387	1	-0.25829	-0.23972	-0.23748	-0.39236	-0.12754	-0.5543	-0.18247	0.058541	-0.25829	1	0.4306	0.14111	-0.31075	0.12823	0.48318	-0.15503	0.015807	-0.23972	0.4306	1	-0.21764	-0.48386	-0.51155	0.1312	-0.42179	-0.45671	-0.23748	0.14111	-0.21764	1	0.47442	0.30586	0.40813	-0.050053	-0.24333	-0.39236	-0.31075	-0.48386	0.47442	1	0.44765	0.29135	0.43944	0.41146	-0.12754	0.12823	-0.51155	0.30586	0.44765	1	0.45279	0.22936	0.24444	-0.5543	0.48318	0.1312	0.40813	0.29135	0.45279	1	-0.017072	0.035627	-0.18247	-0.15503	-0.42179	-0.050053	0.43944	0.22936	-0.017072	1
