1	0.21386	0.43581	-0.031931	-0.44214	-0.34863	0.33187	0.36568	0.39143	0.21386	1	-0.16365	-0.2096	0.34546	-0.070983	-0.22558	-0.095743	0.286	0.43581	-0.16365	1	0.60364	-0.18755	-0.23008	0.25974	0.46928	0.44709	-0.031931	-0.2096	0.60364	1	0.37002	-0.012231	-0.29841	0.22653	-0.19537	-0.44214	0.34546	-0.18755	0.37002	1	0.61771	-0.61287	-0.14335	-0.4559	-0.34863	-0.070983	-0.23008	-0.012231	0.61771	1	0.013469	-0.043446	-0.23345	0.33187	-0.22558	0.25974	-0.29841	-0.61287	0.013469	1	0.24656	0.50084	0.36568	-0.095743	0.46928	0.22653	-0.14335	-0.043446	0.24656	1	0.004492	0.39143	0.286	0.44709	-0.19537	-0.4559	-0.23345	0.50084	0.004492	1
