1	0.35815	-0.038196	0.077543	0.55457	-0.3022	-0.18647	-0.13796	-0.57167	0.35815	1	-0.04598	-0.32737	-0.17787	-0.21645	-0.39942	-0.086562	0.22072	-0.038196	-0.04598	1	-0.49276	-0.32146	-0.57981	-0.22163	-0.053393	0.016094	0.077543	-0.32737	-0.49276	1	0.67219	0.25944	0.7281	-0.036776	-0.28287	0.55457	-0.17787	-0.32146	0.67219	1	0.040655	0.32841	-0.46965	-0.86081	-0.3022	-0.21645	-0.57981	0.25944	0.040655	1	0.32475	0.064838	0.093733	-0.18647	-0.39942	-0.22163	0.7281	0.32841	0.32475	1	0.0019537	-0.034221	-0.13796	-0.086562	-0.053393	-0.036776	-0.46965	0.064838	0.0019537	1	0.52151	-0.57167	0.22072	0.016094	-0.28287	-0.86081	0.093733	-0.034221	0.52151	1
