1	-0.1148	0.23319	0.067434	-0.024129	0.42712	0.2448	-0.50106	-0.34698	-0.1148	1	-0.44365	-0.13741	0.49691	0.39656	0.48342	0.44655	-0.21198	0.23319	-0.44365	1	0.16675	-0.43804	-0.050491	-0.52754	-0.079341	-0.041533	0.067434	-0.13741	0.16675	1	0.1836	0.08379	-0.50772	-0.11548	0.074688	-0.024129	0.49691	-0.43804	0.1836	1	-0.17248	0.0096657	0.41461	0.012866	0.42712	0.39656	-0.050491	0.08379	-0.17248	1	0.61393	-0.29431	-0.5732	0.2448	0.48342	-0.52754	-0.50772	0.0096657	0.61393	1	-0.045214	-0.40084	-0.50106	0.44655	-0.079341	-0.11548	0.41461	-0.29431	-0.045214	1	0.21325	-0.34698	-0.21198	-0.041533	0.074688	0.012866	-0.5732	-0.40084	0.21325	1
