1	-0.19494	-9.7114e-06	-0.15749	-0.10011	-0.19469	0.052889	-0.016344	-0.175	-0.19494	1	0.004557	0.16977	0.42341	-0.21738	-0.069959	0.39789	-0.20922	-9.7114e-06	0.004557	1	-0.31296	-0.2646	0.072782	-0.010818	-0.42103	-0.15491	-0.15749	0.16977	-0.31296	1	-0.12824	0.21395	-0.38104	-0.073668	0.25166	-0.10011	0.42341	-0.2646	-0.12824	1	-0.81701	0.13091	-0.097036	-0.59895	-0.19469	-0.21738	0.072782	0.21395	-0.81701	1	-0.033353	0.24935	0.79317	0.052889	-0.069959	-0.010818	-0.38104	0.13091	-0.033353	1	-0.24247	0.16462	-0.016344	0.39789	-0.42103	-0.073668	-0.097036	0.24935	-0.24247	1	0.2986	-0.175	-0.20922	-0.15491	0.25166	-0.59895	0.79317	0.16462	0.2986	1
