1	0.74518	-0.063286	-0.2339	0.30988	0.032978	-0.21429	-0.14083	-0.083577	0.74518	1	-0.46295	-0.10369	0.32874	0.13578	-0.12554	-0.42034	-0.079479	-0.063286	-0.46295	1	0.33504	-0.40089	-0.070143	-0.44305	0.50409	-0.39294	-0.2339	-0.10369	0.33504	1	0.2234	0.0025893	-0.13788	0.24896	-0.38707	0.30988	0.32874	-0.40089	0.2234	1	-0.20766	0.22246	0.12665	-0.13959	0.032978	0.13578	-0.070143	0.0025893	-0.20766	1	-0.23821	-0.47724	-0.030154	-0.21429	-0.12554	-0.44305	-0.13788	0.22246	-0.23821	1	0.032832	0.53535	-0.14083	-0.42034	0.50409	0.24896	0.12665	-0.47724	0.032832	1	0.11651	-0.083577	-0.079479	-0.39294	-0.38707	-0.13959	-0.030154	0.53535	0.11651	1
