1	-0.29744	0.28579	-0.78816	0.4919	-0.43616	0.5314	0.25311	-0.25552	-0.29744	1	0.138	-0.063981	-0.19289	0.17078	-0.54624	-0.25297	0.48645	0.28579	0.138	1	-0.43928	-0.44887	0.097305	0.034581	0.30443	-0.23715	-0.78816	-0.063981	-0.43928	1	-0.16539	0.46394	-0.36618	-0.19879	0.27669	0.4919	-0.19289	-0.44887	-0.16539	1	-0.31695	0.22322	0.077639	0.084518	-0.43616	0.17078	0.097305	0.46394	-0.31695	1	-0.18064	0.3053	0.47682	0.5314	-0.54624	0.034581	-0.36618	0.22322	-0.18064	1	0.64594	-0.43585	0.25311	-0.25297	0.30443	-0.19879	0.077639	0.3053	0.64594	1	-0.16513	-0.25552	0.48645	-0.23715	0.27669	0.084518	0.47682	-0.43585	-0.16513	1
