1	-0.10182	-0.41297	-0.21746	0.4717	0.28768	-0.062656	-0.15872	0.33429	-0.10182	1	0.38351	-0.038519	0.058287	0.041777	-0.12043	0.23441	0.23767	-0.41297	0.38351	1	-0.28247	-0.25567	-0.26261	-0.35434	0.52455	0.27674	-0.21746	-0.038519	-0.28247	1	-0.42484	0.46586	0.7443	-0.84924	-0.16651	0.4717	0.058287	-0.25567	-0.42484	1	-0.084545	-0.14275	0.35926	0.49187	0.28768	0.041777	-0.26261	0.46586	-0.084545	1	0.52315	-0.41175	0.33508	-0.062656	-0.12043	-0.35434	0.7443	-0.14275	0.52315	1	-0.62171	-0.10259	-0.15872	0.23441	0.52455	-0.84924	0.35926	-0.41175	-0.62171	1	0.24869	0.33429	0.23767	0.27674	-0.16651	0.49187	0.33508	-0.10259	0.24869	1
