1	-0.15517	-0.33759	0.017553	0.13884	-0.41932	0.40582	0.066235	0.14774	-0.15517	1	-0.47289	-0.39049	0.3415	-0.028293	0.057048	0.12945	-0.043011	-0.33759	-0.47289	1	0.24307	-0.24587	0.029263	-0.35004	0.23513	0.33584	0.017553	-0.39049	0.24307	1	-0.22333	-0.31988	0.27013	-0.052892	-0.14617	0.13884	0.3415	-0.24587	-0.22333	1	-0.25954	0.26125	-0.35171	-0.37217	-0.41932	-0.028293	0.029263	-0.31988	-0.25954	1	-0.14567	-0.25403	0.19712	0.40582	0.057048	-0.35004	0.27013	0.26125	-0.14567	1	-0.3817	0.060356	0.066235	0.12945	0.23513	-0.052892	-0.35171	-0.25403	-0.3817	1	0.32297	0.14774	-0.043011	0.33584	-0.14617	-0.37217	0.19712	0.060356	0.32297	1
