1	-0.45667	0.55369	-0.44726	0.76026	-0.11786	0.32366	-0.024104	-0.23545	-0.45667	1	-0.054503	0.40782	-0.28869	-0.027294	-0.11096	0.72226	0.42581	0.55369	-0.054503	1	-0.13415	0.63239	-0.18657	-0.27537	0.031543	-0.14962	-0.44726	0.40782	-0.13415	1	-0.54725	0.55057	-0.18554	-0.12909	0.34296	0.76026	-0.28869	0.63239	-0.54725	1	-0.53093	0.066792	0.22594	-0.33207	-0.11786	-0.027294	-0.18657	0.55057	-0.53093	1	0.12261	-0.4308	0.469	0.32366	-0.11096	-0.27537	-0.18554	0.066792	0.12261	1	0.11589	0.37352	-0.024104	0.72226	0.031543	-0.12909	0.22594	-0.4308	0.11589	1	0.24556	-0.23545	0.42581	-0.14962	0.34296	-0.33207	0.469	0.37352	0.24556	1
