1	-0.46648	-0.050704	-0.013949	-0.52017	0.16072	-0.4839	0.77182	0.18211	-0.46648	1	-0.28035	0.25522	0.54197	0.089872	0.080558	-0.71995	-0.56844	-0.050704	-0.28035	1	-0.36688	-0.22011	-0.50212	0.1976	0.46094	0.26431	-0.013949	0.25522	-0.36688	1	-0.12571	-0.30277	0.021334	-0.13872	-0.12304	-0.52017	0.54197	-0.22011	-0.12571	1	0.52139	-0.010653	-0.59129	0.035115	0.16072	0.089872	-0.50212	-0.30277	0.52139	1	-0.37522	-0.17629	-0.026698	-0.4839	0.080558	0.1976	0.021334	-0.010653	-0.37522	1	-0.21557	-0.35768	0.77182	-0.71995	0.46094	-0.13872	-0.59129	-0.17629	-0.21557	1	0.40558	0.18211	-0.56844	0.26431	-0.12304	0.035115	-0.026698	-0.35768	0.40558	1
