1	0.43356	0.20992	0.0020321	0.80866	-0.76969	0.17366	0.11629	0.54059	0.43356	1	-0.15196	-0.52499	0.55422	-0.12738	-0.25623	0.11727	0.55436	0.20992	-0.15196	1	-0.13207	0.22044	-0.30035	0.33984	0.0707	0.10993	0.0020321	-0.52499	-0.13207	1	-0.22765	0.18468	0.30045	-0.17524	0.048883	0.80866	0.55422	0.22044	-0.22765	1	-0.7644	0.34797	0.11608	0.63688	-0.76969	-0.12738	-0.30035	0.18468	-0.7644	1	-0.33717	0.036979	-0.20329	0.17366	-0.25623	0.33984	0.30045	0.34797	-0.33717	1	0.29105	0.42219	0.11629	0.11727	0.0707	-0.17524	0.11608	0.036979	0.29105	1	0.37856	0.54059	0.55436	0.10993	0.048883	0.63688	-0.20329	0.42219	0.37856	1
