1	0.18393	0.073755	0.3434	-0.54033	-0.045387	0.10201	0.4385	0.075398	0.18393	1	-0.43497	0.44608	-0.4985	-0.085711	0.32446	-0.047156	0.14917	0.073755	-0.43497	1	0.030558	0.43516	-0.2428	-0.084979	0.48425	-0.41339	0.3434	0.44608	0.030558	1	-0.52615	-0.25972	0.38517	0.49192	0.56408	-0.54033	-0.4985	0.43516	-0.52615	1	0.25034	0.1511	-0.15818	-0.53456	-0.045387	-0.085711	-0.2428	-0.25972	0.25034	1	0.50407	-0.26173	0.041166	0.10201	0.32446	-0.084979	0.38517	0.1511	0.50407	1	0.26138	0.092776	0.4385	-0.047156	0.48425	0.49192	-0.15818	-0.26173	0.26138	1	-0.080035	0.075398	0.14917	-0.41339	0.56408	-0.53456	0.041166	0.092776	-0.080035	1
