1	0.29925	0.25301	0.1901	-0.72545	-0.058924	0.40757	0.1039	-0.62503	0.29925	1	0.51516	-0.25916	-0.59762	0.35553	0.12663	0.63897	-0.22169	0.25301	0.51516	1	0.32128	-0.43246	-0.30815	-0.27664	0.41064	0.11236	0.1901	-0.25916	0.32128	1	-0.17545	-0.40091	-0.2011	-0.097985	-0.0672	-0.72545	-0.59762	-0.43246	-0.17545	1	0.051662	-0.60935	-0.65934	0.65012	-0.058924	0.35553	-0.30815	-0.40091	0.051662	1	0.061911	0.16239	-0.25326	0.40757	0.12663	-0.27664	-0.2011	-0.60935	0.061911	1	0.27199	-0.44931	0.1039	0.63897	0.41064	-0.097985	-0.65934	0.16239	0.27199	1	-0.39623	-0.62503	-0.22169	0.11236	-0.0672	0.65012	-0.25326	-0.44931	-0.39623	1
