1	0.25896	-0.064056	-0.38033	-0.24127	-0.18871	0.21254	-0.31776	-0.13098	0.25896	1	0.11836	0.49984	-0.65567	0.54944	-0.28548	0.5138	0.31145	-0.064056	0.11836	1	-0.044229	0.46351	-0.39668	0.71472	0.57481	0.24577	-0.38033	0.49984	-0.044229	1	-0.37645	0.40313	-0.56868	0.3695	0.077657	-0.24127	-0.65567	0.46351	-0.37645	1	-0.7401	0.62063	0.047944	-0.07225	-0.18871	0.54944	-0.39668	0.40313	-0.7401	1	-0.61464	0.2874	0.3719	0.21254	-0.28548	0.71472	-0.56868	0.62063	-0.61464	1	0.0077081	-0.1419	-0.31776	0.5138	0.57481	0.3695	0.047944	0.2874	0.0077081	1	0.73285	-0.13098	0.31145	0.24577	0.077657	-0.07225	0.3719	-0.1419	0.73285	1
