1	-0.1237	-0.14855	-0.035354	-0.33463	-0.27036	0.042379	0.24234	0.01135	-0.1237	1	-0.02465	-0.84378	-0.028186	0.2935	-0.34565	-0.51068	-0.58547	-0.14855	-0.02465	1	-0.18716	0.34831	0.32557	-0.22434	-0.31625	-0.069979	-0.035354	-0.84378	-0.18716	1	-0.044149	-0.11028	0.3879	0.36146	0.77348	-0.33463	-0.028186	0.34831	-0.044149	1	0.36162	-0.37934	0.24397	0.19661	-0.27036	0.2935	0.32557	-0.11028	0.36162	1	-0.28593	-0.34698	0.38343	0.042379	-0.34565	-0.22434	0.3879	-0.37934	-0.28593	1	0.46455	0.17207	0.24234	-0.51068	-0.31625	0.36146	0.24397	-0.34698	0.46455	1	0.28175	0.01135	-0.58547	-0.069979	0.77348	0.19661	0.38343	0.17207	0.28175	1
