1	0.20995	-0.025231	0.29009	0.59356	-0.085212	0.17675	0.31923	0.2479	0.20995	1	-0.15375	0.74113	0.20046	0.021231	-0.18558	0.40051	0.23826	-0.025231	-0.15375	1	-0.53051	0.14675	-0.19827	-0.31989	0.12897	-0.38289	0.29009	0.74113	-0.53051	1	0.17969	0.39703	0.086372	0.23548	0.39246	0.59356	0.20046	0.14675	0.17969	1	-0.24545	0.1323	0.42414	0.39288	-0.085212	0.021231	-0.19827	0.39703	-0.24545	1	0.33041	-0.32308	0.068248	0.17675	-0.18558	-0.31989	0.086372	0.1323	0.33041	1	-0.091294	0.34917	0.31923	0.40051	0.12897	0.23548	0.42414	-0.32308	-0.091294	1	0.093508	0.2479	0.23826	-0.38289	0.39246	0.39288	0.068248	0.34917	0.093508	1
