1	0.50172	0.25352	0.25658	0.25995	0.07128	0.55736	0.16103	-0.37326	0.50172	1	-0.11516	0.031128	-0.13275	0.047105	0.18351	-0.10107	-0.26498	0.25352	-0.11516	1	0.064831	0.50773	0.045672	0.29338	0.47957	0.1149	0.25658	0.031128	0.064831	1	-0.076672	-0.44346	0.31074	-0.52759	-0.038061	0.25995	-0.13275	0.50773	-0.076672	1	-0.22562	0.39067	0.36229	-0.45174	0.07128	0.047105	0.045672	-0.44346	-0.22562	1	0.098933	0.086709	0.019854	0.55736	0.18351	0.29338	0.31074	0.39067	0.098933	1	0.054798	-0.14389	0.16103	-0.10107	0.47957	-0.52759	0.36229	0.086709	0.054798	1	-0.12009	-0.37326	-0.26498	0.1149	-0.038061	-0.45174	0.019854	-0.14389	-0.12009	1
