1	0.40536	0.45093	-0.10205	-0.43443	0.6771	-0.046622	0.059354	0.38136	0.40536	1	0.024825	-0.11068	-0.13469	0.52924	0.047664	0.32788	0.067149	0.45093	0.024825	1	0.16313	-0.326	0.27874	-0.21354	-0.333	0.46398	-0.10205	-0.11068	0.16313	1	0.26164	-0.28955	-0.60224	0.31878	0.031372	-0.43443	-0.13469	-0.326	0.26164	1	-0.38933	-0.1015	-0.010825	-0.36979	0.6771	0.52924	0.27874	-0.28955	-0.38933	1	-0.24106	0.18596	0.16661	-0.046622	0.047664	-0.21354	-0.60224	-0.1015	-0.24106	1	-0.16031	0.32414	0.059354	0.32788	-0.333	0.31878	-0.010825	0.18596	-0.16031	1	0.023084	0.38136	0.067149	0.46398	0.031372	-0.36979	0.16661	0.32414	0.023084	1
