1	0.51679	-0.12415	0.04569	0.14917	0.24382	-0.11661	0.80091	0.11693	0.51679	1	0.27396	-0.20324	0.41854	-0.15817	-0.18898	0.19301	0.10968	-0.12415	0.27396	1	-0.086429	0.55502	-0.15033	-0.59222	-0.33822	-0.29796	0.04569	-0.20324	-0.086429	1	0.316	-0.59502	0.35717	0.15118	0.05801	0.14917	0.41854	0.55502	0.316	1	-0.58054	-0.26873	-0.041915	-0.10451	0.24382	-0.15817	-0.15033	-0.59502	-0.58054	1	-0.45729	0.29874	-0.33188	-0.11661	-0.18898	-0.59222	0.35717	-0.26873	-0.45729	1	-0.049052	0.71338	0.80091	0.19301	-0.33822	0.15118	-0.041915	0.29874	-0.049052	1	0.047525	0.11693	0.10968	-0.29796	0.05801	-0.10451	-0.33188	0.71338	0.047525	1
