1	0.67648	0.28939	0.24058	0.60145	0.040726	-0.246	-0.38835	0.14314	0.67648	1	0.076355	0.15864	0.45934	-0.050718	0.042626	-0.33276	0.23805	0.28939	0.076355	1	-0.019049	0.33809	-0.047342	-0.20361	0.26114	0.47251	0.24058	0.15864	-0.019049	1	-0.00057947	-0.040308	-0.12225	0.02406	-0.09959	0.60145	0.45934	0.33809	-0.00057947	1	-0.59041	-0.040118	-0.60846	0.36017	0.040726	-0.050718	-0.047342	-0.040308	-0.59041	1	-0.37604	0.20419	-0.3155	-0.246	0.042626	-0.20361	-0.12225	-0.040118	-0.37604	1	0.36587	0.6073	-0.38835	-0.33276	0.26114	0.02406	-0.60846	0.20419	0.36587	1	0.36214	0.14314	0.23805	0.47251	-0.09959	0.36017	-0.3155	0.6073	0.36214	1
