1	0.0037151	-0.18652	-0.42561	-0.11208	-0.2256	-0.23828	0.23572	0.042664	0.0037151	1	0.12873	0.25932	0.12527	0.57132	0.54395	0.080976	-0.28109	-0.18652	0.12873	1	0.068725	0.45067	0.069509	0.11156	-0.3024	-0.18263	-0.42561	0.25932	0.068725	1	0.079979	0.38462	0.22822	-0.23759	0.074745	-0.11208	0.12527	0.45067	0.079979	1	0.026516	-0.48099	0.32924	-0.75719	-0.2256	0.57132	0.069509	0.38462	0.026516	1	0.4681	0.035589	0.076247	-0.23828	0.54395	0.11156	0.22822	-0.48099	0.4681	1	-0.57614	0.27355	0.23572	0.080976	-0.3024	-0.23759	0.32924	0.035589	-0.57614	1	-0.38877	0.042664	-0.28109	-0.18263	0.074745	-0.75719	0.076247	0.27355	-0.38877	1
