1	0.46351	-0.49917	0.049607	0.077759	-0.24707	-0.12766	0.11127	0.2426	0.46351	1	-0.43488	-0.18855	0.11186	-0.40426	-0.20331	-0.0067592	0.038327	-0.49917	-0.43488	1	-0.36302	-0.11043	0.59586	0.69991	0.3527	0.39251	0.049607	-0.18855	-0.36302	1	-0.6655	0.18556	-0.46384	-0.1449	-0.038926	0.077759	0.11186	-0.11043	-0.6655	1	-0.51153	-0.0036978	-0.29542	-0.5039	-0.24707	-0.40426	0.59586	0.18556	-0.51153	1	0.48646	0.23522	0.65155	-0.12766	-0.20331	0.69991	-0.46384	-0.0036978	0.48646	1	0.69192	0.4504	0.11127	-0.0067592	0.3527	-0.1449	-0.29542	0.23522	0.69192	1	0.25235	0.2426	0.038327	0.39251	-0.038926	-0.5039	0.65155	0.4504	0.25235	1
