1	0.5903	-0.47538	0.13842	0.42875	0.10752	-0.28308	0.30792	-0.46687	0.5903	1	-0.67034	0.37254	0.50472	-0.31375	-0.45176	0.14457	-0.15216	-0.47538	-0.67034	1	-0.075282	-0.58	0.17328	0.34653	-0.46765	0.11683	0.13842	0.37254	-0.075282	1	0.47089	0.17482	0.52167	-0.2928	0.36012	0.42875	0.50472	-0.58	0.47089	1	0.24832	0.036866	-0.18913	-0.30594	0.10752	-0.31375	0.17328	0.17482	0.24832	1	0.30558	-0.0069518	-0.34689	-0.28308	-0.45176	0.34653	0.52167	0.036866	0.30558	1	-0.48356	0.58092	0.30792	0.14457	-0.46765	-0.2928	-0.18913	-0.0069518	-0.48356	1	-0.11211	-0.46687	-0.15216	0.11683	0.36012	-0.30594	-0.34689	0.58092	-0.11211	1
