1	0.08076	-0.42353	0.021063	-0.010743	0.10656	0.25112	0.28813	-0.25329	0.08076	1	-0.18497	-0.078313	0.45584	-0.66736	0.040742	0.76401	0.070773	-0.42353	-0.18497	1	0.053248	-0.41989	-0.19521	-0.29961	-0.38273	-0.26679	0.021063	-0.078313	0.053248	1	0.041764	0.28276	-0.34638	0.27342	-0.34574	-0.010743	0.45584	-0.41989	0.041764	1	-0.093842	0.35498	0.36031	0.087605	0.10656	-0.66736	-0.19521	0.28276	-0.093842	1	0.042475	-0.32595	0.24913	0.25112	0.040742	-0.29961	-0.34638	0.35498	0.042475	1	0.094698	0.098701	0.28813	0.76401	-0.38273	0.27342	0.36031	-0.32595	0.094698	1	-0.042546	-0.25329	0.070773	-0.26679	-0.34574	0.087605	0.24913	0.098701	-0.042546	1
