1	0.20594	0.27671	0.23607	0.24285	0.74315	0.42554	0.54486	0.41021	0.20594	1	-0.30314	0.16015	0.33772	0.47968	-0.55591	-0.027986	0.42415	0.27671	-0.30314	1	-0.23647	-0.072553	0.24181	0.26425	0.27685	-0.10665	0.23607	0.16015	-0.23647	1	-0.27567	0.064005	0.13246	-0.082526	-0.17711	0.24285	0.33772	-0.072553	-0.27567	1	0.28173	-0.46569	0.31876	0.68173	0.74315	0.47968	0.24181	0.064005	0.28173	1	0.070448	0.45162	0.32662	0.42554	-0.55591	0.26425	0.13246	-0.46569	0.070448	1	0.38952	-0.18289	0.54486	-0.027986	0.27685	-0.082526	0.31876	0.45162	0.38952	1	0.37076	0.41021	0.42415	-0.10665	-0.17711	0.68173	0.32662	-0.18289	0.37076	1
