1	0.60105	-0.46002	0.29341	-0.11867	-0.37481	0.02218	-0.34453	0.17438	0.60105	1	-0.24395	0.26776	0.28374	-0.47882	-0.4311	-0.72854	-0.11456	-0.46002	-0.24395	1	-0.0023249	-0.12443	-0.14711	-0.064003	0.15263	-0.63974	0.29341	0.26776	-0.0023249	1	-0.19042	-0.11753	-0.595	-0.48515	-0.4572	-0.11867	0.28374	-0.12443	-0.19042	1	-0.16162	-0.13776	-0.07377	-0.0027914	-0.37481	-0.47882	-0.14711	-0.11753	-0.16162	1	0.055351	0.36325	0.12253	0.02218	-0.4311	-0.064003	-0.595	-0.13776	0.055351	1	0.62074	0.66572	-0.34453	-0.72854	0.15263	-0.48515	-0.07377	0.36325	0.62074	1	0.3144	0.17438	-0.11456	-0.63974	-0.4572	-0.0027914	0.12253	0.66572	0.3144	1
