1	0.017111	-0.18345	0.040367	-0.48328	0.31298	0.33142	-0.090204	0.044024	0.017111	1	-0.07232	-0.017686	0.27479	0.13514	0.25467	-0.067828	-0.44196	-0.18345	-0.07232	1	-0.59934	0.33598	-0.83297	-0.11645	0.43625	0.10425	0.040367	-0.017686	-0.59934	1	-0.4531	0.31128	-0.15949	-0.33035	0.18071	-0.48328	0.27479	0.33598	-0.4531	1	-0.085238	-0.16178	0.21193	0.11641	0.31298	0.13514	-0.83297	0.31128	-0.085238	1	0.38075	-0.55964	-0.062192	0.33142	0.25467	-0.11645	-0.15949	-0.16178	0.38075	1	-0.14036	-0.57541	-0.090204	-0.067828	0.43625	-0.33035	0.21193	-0.55964	-0.14036	1	-0.038583	0.044024	-0.44196	0.10425	0.18071	0.11641	-0.062192	-0.57541	-0.038583	1
