1	-0.099694	-0.1468	-0.41849	-0.11461	0.031889	-0.23453	0.15286	0.18423	-0.099694	1	-0.16713	0.32161	-0.4681	0.29878	0.41737	0.39676	-0.40488	-0.1468	-0.16713	1	0.51428	0.22761	-0.047948	-0.095494	-0.01514	0.57673	-0.41849	0.32161	0.51428	1	-0.24426	0.29686	0.5803	0.094982	-0.056813	-0.11461	-0.4681	0.22761	-0.24426	1	-0.47166	-0.7062	0.40884	0.36738	0.031889	0.29878	-0.047948	0.29686	-0.47166	1	0.44146	-0.13602	-0.45277	-0.23453	0.41737	-0.095494	0.5803	-0.7062	0.44146	1	-0.21592	-0.57036	0.15286	0.39676	-0.01514	0.094982	0.40884	-0.13602	-0.21592	1	-0.061233	0.18423	-0.40488	0.57673	-0.056813	0.36738	-0.45277	-0.57036	-0.061233	1
