1	0.5509	-0.54835	-0.23189	0.085623	-0.12199	-0.17483	-0.31437	-0.46329	0.5509	1	-0.56805	-0.16648	-0.045289	-0.29318	-0.11369	-0.072493	-0.51366	-0.54835	-0.56805	1	0.00015634	-0.035843	-0.34109	0.086681	0.085224	0.3196	-0.23189	-0.16648	0.00015634	1	0.13724	0.56067	0.46563	0.3593	0.17717	0.085623	-0.045289	-0.035843	0.13724	1	-0.23431	0.013774	0.040533	-0.58846	-0.12199	-0.29318	-0.34109	0.56067	-0.23431	1	0.2868	0.037602	0.27051	-0.17483	-0.11369	0.086681	0.46563	0.013774	0.2868	1	0.37147	0.27201	-0.31437	-0.072493	0.085224	0.3593	0.040533	0.037602	0.37147	1	0.23634	-0.46329	-0.51366	0.3196	0.17717	-0.58846	0.27051	0.27201	0.23634	1
