1	0.38108	0.16352	-0.30086	0.36258	-0.23771	-0.28051	0.52032	-0.032302	0.38108	1	0.17085	-0.33635	0.43644	-0.35178	-0.13617	0.016653	-0.053559	0.16352	0.17085	1	-0.44346	0.080679	0.067407	-0.0095659	0.32805	-0.05711	-0.30086	-0.33635	-0.44346	1	-0.066589	0.37785	-0.13697	-0.4271	-0.41932	0.36258	0.43644	0.080679	-0.066589	1	0.44129	-0.065812	-0.18513	0.42835	-0.23771	-0.35178	0.067407	0.37785	0.44129	1	-0.065937	-0.29083	0.36963	-0.28051	-0.13617	-0.0095659	-0.13697	-0.065812	-0.065937	1	-0.34571	0.081302	0.52032	0.016653	0.32805	-0.4271	-0.18513	-0.29083	-0.34571	1	-0.23591	-0.032302	-0.053559	-0.05711	-0.41932	0.42835	0.36963	0.081302	-0.23591	1
