1	-0.30821	-0.58617	0.21698	-0.36813	0.64541	0.33943	-0.50856	-0.17061	-0.30821	1	0.243	-0.22639	-0.21361	-0.011401	0.28903	0.44294	-0.13346	-0.58617	0.243	1	0.25919	0.1741	-0.31818	0.032169	0.3431	0.56783	0.21698	-0.22639	0.25919	1	-0.46551	0.17945	0.62023	-0.37433	0.55488	-0.36813	-0.21361	0.1741	-0.46551	1	-0.56063	-0.74545	0.4966	0.11245	0.64541	-0.011401	-0.31818	0.17945	-0.56063	1	0.63374	-0.41599	-0.49264	0.33943	0.28903	0.032169	0.62023	-0.74545	0.63374	1	-0.334	0.023183	-0.50856	0.44294	0.3431	-0.37433	0.4966	-0.41599	-0.334	1	0.088365	-0.17061	-0.13346	0.56783	0.55488	0.11245	-0.49264	0.023183	0.088365	1
