1	-0.16792	0.10671	0.49239	0.10198	-0.43626	0.28678	0.22404	0.019305	-0.16792	1	-0.13132	0.23468	-0.26277	0.16435	-0.24488	-0.37889	0.61582	0.10671	-0.13132	1	0.24238	-0.35087	0.44225	0.15575	0.70702	0.29501	0.49239	0.23468	0.24238	1	-0.19369	0.051425	-0.38424	0.31006	0.34553	0.10198	-0.26277	-0.35087	-0.19369	1	-0.37862	0.045198	-0.22659	-0.34333	-0.43626	0.16435	0.44225	0.051425	-0.37862	1	-0.26817	0.50931	0.53457	0.28678	-0.24488	0.15575	-0.38424	0.045198	-0.26817	1	-0.17812	-0.26722	0.22404	-0.37889	0.70702	0.31006	-0.22659	0.50931	-0.17812	1	0.18902	0.019305	0.61582	0.29501	0.34553	-0.34333	0.53457	-0.26722	0.18902	1
