1	-0.12019	0.097706	0.016374	-0.36599	0.42086	-0.24973	0.37871	0.36706	-0.12019	1	-0.79007	-0.33217	0.31651	-0.10052	0.40959	-0.30252	0.61558	0.097706	-0.79007	1	0.29575	-0.27304	0.25547	-0.43621	0.25224	-0.44356	0.016374	-0.33217	0.29575	1	0.10559	0.23509	0.28302	0.35729	-0.13425	-0.36599	0.31651	-0.27304	0.10559	1	-0.37544	0.12628	-0.60682	0.46027	0.42086	-0.10052	0.25547	0.23509	-0.37544	1	-0.046472	0.28929	0.27269	-0.24973	0.40959	-0.43621	0.28302	0.12628	-0.046472	1	0.32424	0.18756	0.37871	-0.30252	0.25224	0.35729	-0.60682	0.28929	0.32424	1	-0.19685	0.36706	0.61558	-0.44356	-0.13425	0.46027	0.27269	0.18756	-0.19685	1
