1	0.13274	-0.14915	0.2164	-0.55732	0.17794	-0.10404	-0.05109	0.24058	0.13274	1	-0.033404	-0.094019	-0.451	0.28689	-0.028805	0.52231	-0.41705	-0.14915	-0.033404	1	-0.61561	-0.10076	0.15025	-0.12465	-0.093493	0.71491	0.2164	-0.094019	-0.61561	1	0.21648	-0.11401	0.10678	-0.24452	-0.28184	-0.55732	-0.451	-0.10076	0.21648	1	0.056395	0.27064	-0.34401	-0.08103	0.17794	0.28689	0.15025	-0.11401	0.056395	1	-0.1882	-0.010795	0.10265	-0.10404	-0.028805	-0.12465	0.10678	0.27064	-0.1882	1	0.52765	-0.058878	-0.05109	0.52231	-0.093493	-0.24452	-0.34401	-0.010795	0.52765	1	-0.1929	0.24058	-0.41705	0.71491	-0.28184	-0.08103	0.10265	-0.058878	-0.1929	1
