1	-0.16023	0.031854	-0.035772	-0.66886	0.53789	-0.11773	0.072872	-0.094544	-0.16023	1	-0.52799	-0.18536	0.37979	0.16253	0.34612	-0.12088	-0.019448	0.031854	-0.52799	1	0.25079	-0.12031	-0.29084	-0.3359	0.34951	-0.13923	-0.035772	-0.18536	0.25079	1	0.15946	-0.37116	-0.28094	-0.23865	-0.11028	-0.66886	0.37979	-0.12031	0.15946	1	-0.56168	-0.28812	-0.2417	0.14139	0.53789	0.16253	-0.29084	-0.37116	-0.56168	1	0.53658	-0.022686	0.1243	-0.11773	0.34612	-0.3359	-0.28094	-0.28812	0.53658	1	-0.11274	-0.15131	0.072872	-0.12088	0.34951	-0.23865	-0.2417	-0.022686	-0.11274	1	-0.39189	-0.094544	-0.019448	-0.13923	-0.11028	0.14139	0.1243	-0.15131	-0.39189	1
