1	0.38205	-0.064015	0.061704	0.17165	-0.34529	0.23196	0.179	0.41335	0.38205	1	0.20687	0.53473	-0.01623	-0.56981	0.19325	0.074438	0.56862	-0.064015	0.20687	1	-0.026225	0.42869	-0.043196	-0.30741	0.29866	0.63618	0.061704	0.53473	-0.026225	1	0.25789	-0.30411	0.49459	0.061157	0.093318	0.17165	-0.01623	0.42869	0.25789	1	0.081125	0.30833	0.60739	0.40788	-0.34529	-0.56981	-0.043196	-0.30411	0.081125	1	-0.3478	-0.26077	-0.47049	0.23196	0.19325	-0.30741	0.49459	0.30833	-0.3478	1	0.34492	-0.017021	0.179	0.074438	0.29866	0.061157	0.60739	-0.26077	0.34492	1	0.47676	0.41335	0.56862	0.63618	0.093318	0.40788	-0.47049	-0.017021	0.47676	1
