1	0.25585	-0.0015256	0.39954	0.034512	-0.42267	0.40277	0.27198	0.16293	0.25585	1	-0.048188	0.3112	-0.23096	-0.012859	0.44641	-0.32917	0.66137	-0.0015256	-0.048188	1	-0.39513	0.17955	-0.31541	0.46445	0.5228	-0.16978	0.39954	0.3112	-0.39513	1	-0.79479	-0.32421	-0.024876	-0.26183	0.06856	0.034512	-0.23096	0.17955	-0.79479	1	0.066926	-0.024334	0.32182	-0.011561	-0.42267	-0.012859	-0.31541	-0.32421	0.066926	1	0.11173	-0.17567	0.21003	0.40277	0.44641	0.46445	-0.024876	-0.024334	0.11173	1	0.2803	0.2001	0.27198	-0.32917	0.5228	-0.26183	0.32182	-0.17567	0.2803	1	-0.25687	0.16293	0.66137	-0.16978	0.06856	-0.011561	0.21003	0.2001	-0.25687	1
