1	0.66249	0.36366	0.06021	-0.0321	0.089877	0.02792	0.32029	-0.19672	0.66249	1	0.31536	0.12799	0.2294	-0.073199	0.16576	0.093048	-0.29626	0.36366	0.31536	1	0.31114	0.63349	-0.35536	-0.029904	-0.23335	0.39782	0.06021	0.12799	0.31114	1	0.29536	-0.29347	0.20124	-0.3825	0.10385	-0.0321	0.2294	0.63349	0.29536	1	-0.42419	0.063884	-0.40113	0.6739	0.089877	-0.073199	-0.35536	-0.29347	-0.42419	1	-0.28437	0.68688	-0.10055	0.02792	0.16576	-0.029904	0.20124	0.063884	-0.28437	1	-0.33263	-0.1521	0.32029	0.093048	-0.23335	-0.3825	-0.40113	0.68688	-0.33263	1	0.036367	-0.19672	-0.29626	0.39782	0.10385	0.6739	-0.10055	-0.1521	0.036367	1
