1	0.4475	-0.17413	0.32713	-0.066474	0.1347	0.11556	-0.22941	0.40937	0.4475	1	-0.036043	0.014822	-0.049631	-0.56086	0.38561	-0.12418	0.022905	-0.17413	-0.036043	1	0.047072	-0.079832	0.19192	-0.01492	0.0047726	0.21312	0.32713	0.014822	0.047072	1	-0.8244	0.35333	0.52729	0.2943	-0.094643	-0.066474	-0.049631	-0.079832	-0.8244	1	-0.071104	-0.59813	-0.37441	0.066303	0.1347	-0.56086	0.19192	0.35333	-0.071104	1	-0.10677	0.21969	0.23647	0.11556	0.38561	-0.01492	0.52729	-0.59813	-0.10677	1	0.26795	-0.24331	-0.22941	-0.12418	0.0047726	0.2943	-0.37441	0.21969	0.26795	1	-0.26514	0.40937	0.022905	0.21312	-0.094643	0.066303	0.23647	-0.24331	-0.26514	1
