1	-0.28313	0.40205	-0.23757	0.30413	0.10941	0.49243	-0.058888	-0.14204	-0.28313	1	-0.19644	-0.39148	-0.51958	-0.096777	0.34163	-0.15518	0.088667	0.40205	-0.19644	1	-0.16528	0.78969	0.60862	-0.11745	0.6111	0.36438	-0.23757	-0.39148	-0.16528	1	-0.17826	-0.31047	-0.13857	0.03578	-0.19838	0.30413	-0.51958	0.78969	-0.17826	1	0.64856	-0.30258	0.58475	0.25448	0.10941	-0.096777	0.60862	-0.31047	0.64856	1	-0.23501	0.48559	0.10953	0.49243	0.34163	-0.11745	-0.13857	-0.30258	-0.23501	1	-0.18247	0.0074828	-0.058888	-0.15518	0.6111	0.03578	0.58475	0.48559	-0.18247	1	0.37257	-0.14204	0.088667	0.36438	-0.19838	0.25448	0.10953	0.0074828	0.37257	1
