1	-0.68896	-0.24347	0.36476	-0.39452	-0.45912	-0.34045	0.52767	-0.78162	-0.68896	1	0.14837	-0.12632	-0.15971	0.15073	0.40417	-0.47655	0.75847	-0.24347	0.14837	1	-0.3224	-0.1621	0.077821	-0.455	0.11485	0.18734	0.36476	-0.12632	-0.3224	1	-0.12282	-0.23893	0.028937	-0.19683	-0.1818	-0.39452	-0.15971	-0.1621	-0.12282	1	0.45949	0.26769	-0.18875	0.28247	-0.45912	0.15073	0.077821	-0.23893	0.45949	1	-0.27054	-0.52801	0.45021	-0.34045	0.40417	-0.455	0.028937	0.26769	-0.27054	1	-0.15286	0.30956	0.52767	-0.47655	0.11485	-0.19683	-0.18875	-0.52801	-0.15286	1	-0.57531	-0.78162	0.75847	0.18734	-0.1818	0.28247	0.45021	0.30956	-0.57531	1
