1	0.21968	0.29858	0.24472	-0.23862	-0.5449	0.23531	-0.054102	0.013172	0.21968	1	0.38455	0.27881	0.53293	0.076256	-0.50461	-0.68721	0.14615	0.29858	0.38455	1	0.23704	-0.14634	0.008542	-0.097048	0.1523	0.10798	0.24472	0.27881	0.23704	1	0.30306	0.56711	-0.67882	0.0067035	-0.46638	-0.23862	0.53293	-0.14634	0.30306	1	0.35966	-0.61096	-0.69251	0.26217	-0.5449	0.076256	0.008542	0.56711	0.35966	1	-0.65398	0.13263	-0.22527	0.23531	-0.50461	-0.097048	-0.67882	-0.61096	-0.65398	1	0.25263	0.42679	-0.054102	-0.68721	0.1523	0.0067035	-0.69251	0.13263	0.25263	1	-0.26646	0.013172	0.14615	0.10798	-0.46638	0.26217	-0.22527	0.42679	-0.26646	1
