1	-0.2562	0.5792	-0.35109	0.70428	0.63037	0.37809	0.10364	-0.71703	-0.2562	1	-0.48179	-0.34281	-0.68316	-0.020404	0.085526	0.24535	-0.11766	0.5792	-0.48179	1	-0.26894	0.7822	0.37743	-0.10679	0.43401	0.013274	-0.35109	-0.34281	-0.26894	1	-0.027363	-0.36191	0.19385	-0.43859	0.30876	0.70428	-0.68316	0.7822	-0.027363	1	0.21312	-0.071808	0.15486	-0.21715	0.63037	-0.020404	0.37743	-0.36191	0.21312	1	0.58846	0.16654	-0.6003	0.37809	0.085526	-0.10679	0.19385	-0.071808	0.58846	1	-0.4422	-0.50878	0.10364	0.24535	0.43401	-0.43859	0.15486	0.16654	-0.4422	1	0.023654	-0.71703	-0.11766	0.013274	0.30876	-0.21715	-0.6003	-0.50878	0.023654	1
