1	0.67975	0.38007	0.15488	0.52266	-0.29928	0.090603	0.0017566	0.10738	0.67975	1	0.22356	0.30622	0.59925	0.12858	0.17617	0.13715	-0.043598	0.38007	0.22356	1	-0.082638	0.22818	-0.29063	0.19348	-0.083504	0.10632	0.15488	0.30622	-0.082638	1	0.065156	-0.09176	-0.087678	-0.00086707	0.29143	0.52266	0.59925	0.22818	0.065156	1	0.4816	-0.32117	0.53371	-0.49536	-0.29928	0.12858	-0.29063	-0.09176	0.4816	1	-0.49109	0.46645	-0.77808	0.090603	0.17617	0.19348	-0.087678	-0.32117	-0.49109	1	-0.368	0.51837	0.0017566	0.13715	-0.083504	-0.00086707	0.53371	0.46645	-0.368	1	-0.21841	0.10738	-0.043598	0.10632	0.29143	-0.49536	-0.77808	0.51837	-0.21841	1
