1	0.49028	0.014291	0.52808	-0.18623	-0.50923	-0.43554	-0.27306	-0.23244	0.49028	1	0.00083233	0.19185	-0.35793	0.0063815	0.034924	-0.094525	0.39721	0.014291	0.00083233	1	0.35799	-0.14013	-0.11957	-0.021072	-0.037824	-0.37724	0.52808	0.19185	0.35799	1	0.29545	-0.83439	-0.75646	0.21301	-0.14669	-0.18623	-0.35793	-0.14013	0.29545	1	-0.65836	-0.36447	-0.15042	0.074594	-0.50923	0.0063815	-0.11957	-0.83439	-0.65836	1	0.70423	0.073019	0.21058	-0.43554	0.034924	-0.021072	-0.75646	-0.36447	0.70423	1	-0.22957	-0.068294	-0.27306	-0.094525	-0.037824	0.21301	-0.15042	0.073019	-0.22957	1	0.023613	-0.23244	0.39721	-0.37724	-0.14669	0.074594	0.21058	-0.068294	0.023613	1
