1	0.11846	0.16134	0.61366	-0.43836	0.44907	-0.11015	0.086641	0.0029092	0.11846	1	0.50362	0.28466	0.60236	0.23636	-0.054323	-0.030045	-0.10133	0.16134	0.50362	1	-0.049733	0.35318	-0.020562	0.0016452	0.063642	0.075037	0.61366	0.28466	-0.049733	1	-0.34866	0.12435	-0.19967	-0.070124	-0.39945	-0.43836	0.60236	0.35318	-0.34866	1	-0.20584	0.3108	0.26497	0.2958	0.44907	0.23636	-0.020562	0.12435	-0.20584	1	-0.36091	-0.34883	-0.38162	-0.11015	-0.054323	0.0016452	-0.19967	0.3108	-0.36091	1	0.35271	0.26393	0.086641	-0.030045	0.063642	-0.070124	0.26497	-0.34883	0.35271	1	0.78475	0.0029092	-0.10133	0.075037	-0.39945	0.2958	-0.38162	0.26393	0.78475	1
