1	-0.31849	-0.19642	-0.10984	0.29319	0.11091	-0.20638	-0.47371	0.093479	-0.31849	1	0.29096	0.68587	-0.3051	-0.43308	0.60499	0.48723	0.20111	-0.19642	0.29096	1	0.41062	-0.59928	-0.43741	0.44126	0.035414	0.52104	-0.10984	0.68587	0.41062	1	-0.32388	-0.44907	0.65569	0.47952	0.055321	0.29319	-0.3051	-0.59928	-0.32388	1	0.32212	-0.48905	0.19818	-0.20211	0.11091	-0.43308	-0.43741	-0.44907	0.32212	1	-0.35471	0.073399	-0.3735	-0.20638	0.60499	0.44126	0.65569	-0.48905	-0.35471	1	0.39593	0.48007	-0.47371	0.48723	0.035414	0.47952	0.19818	0.073399	0.39593	1	0.086326	0.093479	0.20111	0.52104	0.055321	-0.20211	-0.3735	0.48007	0.086326	1
