1	0.15014	-0.16541	-0.65215	0.027407	-0.10214	-0.047769	-0.3215	0.24366	0.15014	1	-0.17014	0.28425	0.10532	-0.31938	-0.3127	-0.27805	-0.04592	-0.16541	-0.17014	1	0.043953	0.53115	0.62516	0.51885	0.099051	0.17138	-0.65215	0.28425	0.043953	1	-0.26087	0.11497	-0.21751	-0.22349	-0.50424	0.027407	0.10532	0.53115	-0.26087	1	0.40429	0.11534	0.064156	-0.047241	-0.10214	-0.31938	0.62516	0.11497	0.40429	1	0.4966	-0.34405	-0.1712	-0.047769	-0.3127	0.51885	-0.21751	0.11534	0.4966	1	0.10854	0.70216	-0.3215	-0.27805	0.099051	-0.22349	0.064156	-0.34405	0.10854	1	0.41168	0.24366	-0.04592	0.17138	-0.50424	-0.047241	-0.1712	0.70216	0.41168	1
