1	0.24986	-0.39074	-0.32571	-0.56655	-0.23858	0.36196	-0.33376	0.48907	0.24986	1	-0.22013	-0.17767	-0.062683	0.64675	0.44332	-0.29096	0.5449	-0.39074	-0.22013	1	0.50602	0.12349	0.12504	-0.52494	0.3723	-0.6387	-0.32571	-0.17767	0.50602	1	0.2001	0.06541	-0.53935	-0.12511	-0.47513	-0.56655	-0.062683	0.12349	0.2001	1	0.21352	-0.5098	-0.3425	0.21092	-0.23858	0.64675	0.12504	0.06541	0.21352	1	0.13022	-0.15703	0.24157	0.36196	0.44332	-0.52494	-0.53935	-0.5098	0.13022	1	0.089558	0.27619	-0.33376	-0.29096	0.3723	-0.12511	-0.3425	-0.15703	0.089558	1	-0.6851	0.48907	0.5449	-0.6387	-0.47513	0.21092	0.24157	0.27619	-0.6851	1
