1	0.61851	-0.21137	-0.037044	0.091075	-0.40128	0.068149	0.54458	0.52707	0.61851	1	-0.30674	-0.05981	-0.015125	-0.52429	-0.064502	0.73312	0.41375	-0.21137	-0.30674	1	-0.15951	-0.08278	-0.04176	0.11122	-0.21071	0.39116	-0.037044	-0.05981	-0.15951	1	0.15886	0.45542	0.084851	-0.31793	-0.23894	0.091075	-0.015125	-0.08278	0.15886	1	-0.14453	0.47756	0.069295	-0.29963	-0.40128	-0.52429	-0.04176	0.45542	-0.14453	1	-0.28466	-0.85008	-0.58271	0.068149	-0.064502	0.11122	0.084851	0.47756	-0.28466	1	-0.11122	0.16841	0.54458	0.73312	-0.21071	-0.31793	0.069295	-0.85008	-0.11122	1	0.46223	0.52707	0.41375	0.39116	-0.23894	-0.29963	-0.58271	0.16841	0.46223	1
