1	-0.62989	0.18126	-0.0355	-0.50824	-0.80215	0.36596	-0.18988	-0.7406	-0.62989	1	-0.51689	-0.28334	0.42756	0.3432	-0.54577	0.13137	0.35623	0.18126	-0.51689	1	0.089772	-0.084631	-0.1595	-0.00021252	0.49244	0.14935	-0.0355	-0.28334	0.089772	1	-0.060355	0.26231	-0.066306	-0.42315	0.16934	-0.50824	0.42756	-0.084631	-0.060355	1	0.23275	-0.7322	-0.046924	0.14012	-0.80215	0.3432	-0.1595	0.26231	0.23275	1	-0.21076	0.099013	0.79197	0.36596	-0.54577	-0.00021252	-0.066306	-0.7322	-0.21076	1	-0.083762	-0.19981	-0.18988	0.13137	0.49244	-0.42315	-0.046924	0.099013	-0.083762	1	0.32691	-0.7406	0.35623	0.14935	0.16934	0.14012	0.79197	-0.19981	0.32691	1
