1	0.27109	-0.16477	-0.022162	-0.37719	0.27633	-0.049732	0.04809	-0.66552	0.27109	1	0.10937	0.11234	-0.63868	-0.14349	0.14962	-0.28249	0.035912	-0.16477	0.10937	1	0.11097	0.040241	-0.73946	0.052084	-0.081093	0.29962	-0.022162	0.11234	0.11097	1	0.11951	-0.17115	0.70929	0.33334	0.53344	-0.37719	-0.63868	0.040241	0.11951	1	-0.1335	-0.13554	0.59833	0.42146	0.27633	-0.14349	-0.73946	-0.17115	-0.1335	1	0.10489	0.10561	-0.22952	-0.049732	0.14962	0.052084	0.70929	-0.13554	0.10489	1	0.30151	0.47821	0.04809	-0.28249	-0.081093	0.33334	0.59833	0.10561	0.30151	1	0.31938	-0.66552	0.035912	0.29962	0.53344	0.42146	-0.22952	0.47821	0.31938	1
