1	-0.21555	0.020243	-0.0029165	0.29124	-0.43588	0.46038	-0.093196	-0.12831	-0.21555	1	0.11813	-0.35624	-0.27357	-0.022966	0.061025	-0.42979	0.57865	0.020243	0.11813	1	0.18973	-0.21246	0.51889	0.018522	-0.33562	0.50866	-0.0029165	-0.35624	0.18973	1	-0.0028938	-0.22876	-0.17753	0.25456	-0.48988	0.29124	-0.27357	-0.21246	-0.0028938	1	-0.28781	0.67066	0.0062866	0.09507	-0.43588	-0.022966	0.51889	-0.22876	-0.28781	1	-0.39636	-0.0344	0.29889	0.46038	0.061025	0.018522	-0.17753	0.67066	-0.39636	1	-0.31596	0.37943	-0.093196	-0.42979	-0.33562	0.25456	0.0062866	-0.0344	-0.31596	1	-0.45662	-0.12831	0.57865	0.50866	-0.48988	0.09507	0.29889	0.37943	-0.45662	1
