1	0.60422	0.281	-0.24067	0.52862	0.34755	-0.1302	-0.62676	0.17046	0.60422	1	0.045227	-0.74866	0.51794	0.31882	-0.071087	-0.54969	0.18269	0.281	0.045227	1	-0.16519	-0.2297	-0.29172	-0.06369	0.025318	0.20875	-0.24067	-0.74866	-0.16519	1	-0.27304	0.036726	0.022004	0.24352	-0.044756	0.52862	0.51794	-0.2297	-0.27304	1	0.19119	0.025705	-0.67713	-0.27434	0.34755	0.31882	-0.29172	0.036726	0.19119	1	-0.33035	-0.10014	0.083097	-0.1302	-0.071087	-0.06369	0.022004	0.025705	-0.33035	1	-0.0036464	-0.32122	-0.62676	-0.54969	0.025318	0.24352	-0.67713	-0.10014	-0.0036464	1	-0.32917	0.17046	0.18269	0.20875	-0.044756	-0.27434	0.083097	-0.32122	-0.32917	1
