1	-0.6201	-0.049074	-0.57776	-0.45487	-0.25799	0.18071	-0.32308	-0.10067	-0.6201	1	0.14395	0.27637	0.083075	0.39629	0.077143	0.58123	0.12363	-0.049074	0.14395	1	0.12835	-0.1516	-0.49439	-0.32377	0.32843	-0.0040665	-0.57776	0.27637	0.12835	1	0.37297	0.19246	-0.55029	-0.27812	0.22122	-0.45487	0.083075	-0.1516	0.37297	1	-0.27327	-0.084814	-0.073484	0.32166	-0.25799	0.39629	-0.49439	0.19246	-0.27327	1	0.10515	-0.03416	-0.24225	0.18071	0.077143	-0.32377	-0.55029	-0.084814	0.10515	1	0.39472	-0.15726	-0.32308	0.58123	0.32843	-0.27812	-0.073484	-0.03416	0.39472	1	-0.18721	-0.10067	0.12363	-0.0040665	0.22122	0.32166	-0.24225	-0.15726	-0.18721	1
