1	-0.64849	-0.30433	0.16182	-0.7035	0.11901	0.51836	-0.26026	-0.47826	-0.64849	1	0.099351	0.018869	0.76516	-0.13958	-0.19957	0.50134	0.30093	-0.30433	0.099351	1	-0.0098929	0.3456	0.32135	-0.72902	-0.14709	0.36842	0.16182	0.018869	-0.0098929	1	0.037625	0.45682	0.13554	0.021612	0.13128	-0.7035	0.76516	0.3456	0.037625	1	0.27749	-0.30651	0.45786	0.24998	0.11901	-0.13958	0.32135	0.45682	0.27749	1	-0.12879	-0.19277	0.089835	0.51836	-0.19957	-0.72902	0.13554	-0.30651	-0.12879	1	-0.10717	-0.55353	-0.26026	0.50134	-0.14709	0.021612	0.45786	-0.19277	-0.10717	1	-0.18192	-0.47826	0.30093	0.36842	0.13128	0.24998	0.089835	-0.55353	-0.18192	1
