1	0.044207	-0.15551	0.35355	-0.056501	-0.12419	-0.077533	0.19481	-0.60052	0.044207	1	0.10547	0.1523	-0.69485	0.17769	0.43478	-0.61696	-0.20155	-0.15551	0.10547	1	-0.63651	-0.039012	0.4632	0.25991	-0.10585	-0.22912	0.35355	0.1523	-0.63651	1	-0.10975	-0.50731	-0.50858	0.32637	-0.17073	-0.056501	-0.69485	-0.039012	-0.10975	1	-0.46221	-0.20923	0.40044	0.43463	-0.12419	0.17769	0.4632	-0.50731	-0.46221	1	0.4663	-0.36883	-0.095838	-0.077533	0.43478	0.25991	-0.50858	-0.20923	0.4663	1	-0.76652	0.11146	0.19481	-0.61696	-0.10585	0.32637	0.40044	-0.36883	-0.76652	1	0.056028	-0.60052	-0.20155	-0.22912	-0.17073	0.43463	-0.095838	0.11146	0.056028	1
