1	0.45316	0.0012679	0.56799	0.10976	-0.39698	0.097376	-0.66258	0.36846	0.45316	1	0.12476	0.25183	-0.20561	-0.29817	-0.41021	-0.35457	0.4606	0.0012679	0.12476	1	-0.5279	-0.72738	-0.51952	-0.14323	0.067032	0.50009	0.56799	0.25183	-0.5279	1	0.4668	0.19654	-0.1836	-0.48378	0.055386	0.10976	-0.20561	-0.72738	0.4668	1	0.17433	0.241	-0.40635	-0.16995	-0.39698	-0.29817	-0.51952	0.19654	0.17433	1	0.17885	0.53452	-0.25347	0.097376	-0.41021	-0.14323	-0.1836	0.241	0.17885	1	0.12141	-0.22065	-0.66258	-0.35457	0.067032	-0.48378	-0.40635	0.53452	0.12141	1	-0.17325	0.36846	0.4606	0.50009	0.055386	-0.16995	-0.25347	-0.22065	-0.17325	1
