1	-0.34007	-0.20648	-0.091923	0.55346	0.67493	0.47254	0.30093	-0.51952	-0.34007	1	-0.16187	-0.21676	-0.27039	-0.48667	-0.11549	-0.56581	0.19378	-0.20648	-0.16187	1	0.04005	0.37878	-0.08209	0.11202	-0.13805	0.099934	-0.091923	-0.21676	0.04005	1	0.025616	-0.11727	0.31952	0.49962	-0.14855	0.55346	-0.27039	0.37878	0.025616	1	0.27218	0.58711	-0.07585	-0.31107	0.67493	-0.48667	-0.08209	-0.11727	0.27218	1	0.044169	0.1058	-0.40097	0.47254	-0.11549	0.11202	0.31952	0.58711	0.044169	1	0.33369	-0.7251	0.30093	-0.56581	-0.13805	0.49962	-0.07585	0.1058	0.33369	1	-0.23241	-0.51952	0.19378	0.099934	-0.14855	-0.31107	-0.40097	-0.7251	-0.23241	1
