1	-0.21106	0.14147	-0.78045	0.41708	0.22941	0.098701	0.25519	-0.14218	-0.21106	1	0.53819	0.10542	-0.74397	0.097517	-0.88311	0.057551	0.48634	0.14147	0.53819	1	-0.16257	-0.078162	0.22786	-0.48155	0.63188	0.46847	-0.78045	0.10542	-0.16257	1	-0.37349	-0.31616	-0.065423	-0.51858	0.038636	0.41708	-0.74397	-0.078162	-0.37349	1	-0.010844	0.65803	0.45573	-0.21314	0.22941	0.097517	0.22786	-0.31616	-0.010844	1	-0.01495	0.13488	0.03843	0.098701	-0.88311	-0.48155	-0.065423	0.65803	-0.01495	1	-0.15855	-0.45339	0.25519	0.057551	0.63188	-0.51858	0.45573	0.13488	-0.15855	1	0.43983	-0.14218	0.48634	0.46847	0.038636	-0.21314	0.03843	-0.45339	0.43983	1
