1	0.16455	0.085206	-0.2228	-0.033103	0.043334	-0.15749	0.31697	-0.055895	0.16455	1	0.08586	0.32678	-0.16324	-0.43208	0.12195	0.32936	0.26621	0.085206	0.08586	1	-0.010279	-0.15016	0.39276	-0.13097	0.27242	-0.49645	-0.2228	0.32678	-0.010279	1	-0.22914	-0.44662	0.2478	0.15057	0.27167	-0.033103	-0.16324	-0.15016	-0.22914	1	-0.057785	-0.36346	0.045243	0.264	0.043334	-0.43208	0.39276	-0.44662	-0.057785	1	-0.046071	-0.42719	-0.92153	-0.15749	0.12195	-0.13097	0.2478	-0.36346	-0.046071	1	0.19634	-0.21282	0.31697	0.32936	0.27242	0.15057	0.045243	-0.42719	0.19634	1	0.24252	-0.055895	0.26621	-0.49645	0.27167	0.264	-0.92153	-0.21282	0.24252	1
