1	0.42488	-0.38596	-0.016599	0.31827	-0.096039	0.17939	0.3227	0.50158	0.42488	1	-0.53091	0.049397	0.2298	-0.19002	-0.20523	0.096108	0.55743	-0.38596	-0.53091	1	-0.49957	-0.72729	0.59475	0.65403	-0.41102	-0.64947	-0.016599	0.049397	-0.49957	1	0.36106	-0.57596	-0.26463	-0.063046	0.0784	0.31827	0.2298	-0.72729	0.36106	1	-0.41241	-0.39814	0.67034	0.63071	-0.096039	-0.19002	0.59475	-0.57596	-0.41241	1	0.59554	-0.39333	-0.15559	0.17939	-0.20523	0.65403	-0.26463	-0.39814	0.59554	1	-0.18708	-0.25222	0.3227	0.096108	-0.41102	-0.063046	0.67034	-0.39333	-0.18708	1	0.51553	0.50158	0.55743	-0.64947	0.0784	0.63071	-0.15559	-0.25222	0.51553	1
