1	0.11078	0.37868	0.055601	-0.21558	-0.29742	-0.22139	0.11278	-0.086991	0.11078	1	-0.20101	0.6539	-0.18815	-0.10208	-0.23872	-0.35152	-0.44728	0.37868	-0.20101	1	-0.36696	-0.00035216	-0.52174	0.13612	0.31516	0.38429	0.055601	0.6539	-0.36696	1	-0.46676	-0.28928	-0.14996	-0.39857	-0.14503	-0.21558	-0.18815	-0.00035216	-0.46676	1	0.18654	0.47198	0.054369	-0.094896	-0.29742	-0.10208	-0.52174	-0.28928	0.18654	1	-0.24786	-0.098289	-0.50561	-0.22139	-0.23872	0.13612	-0.14996	0.47198	-0.24786	1	0.52533	0.24092	0.11278	-0.35152	0.31516	-0.39857	0.054369	-0.098289	0.52533	1	-0.055921	-0.086991	-0.44728	0.38429	-0.14503	-0.094896	-0.50561	0.24092	-0.055921	1
