1	-0.1647	0.1432	-0.012322	-0.15258	-0.089283	-0.20048	0.010526	-0.068324	-0.1647	1	-0.37218	0.47724	0.39022	-0.084948	0.23201	0.61704	-0.57489	0.1432	-0.37218	1	-0.16277	-0.20883	-0.64191	-0.053672	0.013038	-0.34027	-0.012322	0.47724	-0.16277	1	0.059501	0.042161	0.29008	0.48916	-0.5352	-0.15258	0.39022	-0.20883	0.059501	1	-0.016102	-0.17613	0.02431	0.19133	-0.089283	-0.084948	-0.64191	0.042161	-0.016102	1	0.0090928	-0.44552	0.56868	-0.20048	0.23201	-0.053672	0.29008	-0.17613	0.0090928	1	0.48193	-0.18654	0.010526	0.61704	0.013038	0.48916	0.02431	-0.44552	0.48193	1	-0.718	-0.068324	-0.57489	-0.34027	-0.5352	0.19133	0.56868	-0.18654	-0.718	1
