1	0.15847	0.3213	-0.42212	0.074504	-0.31562	0.41753	-0.25154	0.49004	0.15847	1	-0.24767	0.19831	0.36083	0.061675	0.44624	0.1229	0.18637	0.3213	-0.24767	1	-0.46001	-0.18935	-0.10512	0.32192	-0.084031	-0.042329	-0.42212	0.19831	-0.46001	1	0.07691	0.15473	0.15252	0.25646	-0.18795	0.074504	0.36083	-0.18935	0.07691	1	-0.59661	0.11492	-0.08876	-0.2777	-0.31562	0.061675	-0.10512	0.15473	-0.59661	1	-0.094552	-0.06439	0.38082	0.41753	0.44624	0.32192	0.15252	0.11492	-0.094552	1	0.16981	0.30496	-0.25154	0.1229	-0.084031	0.25646	-0.08876	-0.06439	0.16981	1	-0.35051	0.49004	0.18637	-0.042329	-0.18795	-0.2777	0.38082	0.30496	-0.35051	1
