1	0.27899	-0.14781	0.031412	-0.31757	0.61548	0.039328	0.38637	0.62314	0.27899	1	0.34299	0.19537	-0.43416	0.30953	-0.051272	0.27105	0.68237	-0.14781	0.34299	1	-0.10519	0.17743	-0.051637	0.21583	-0.10104	-0.23597	0.031412	0.19537	-0.10519	1	-0.012717	0.44167	0.12577	-0.16523	0.29922	-0.31757	-0.43416	0.17743	-0.012717	1	-0.40323	0.48255	-0.17747	-0.78011	0.61548	0.30953	-0.051637	0.44167	-0.40323	1	0.13073	-0.051973	0.69068	0.039328	-0.051272	0.21583	0.12577	0.48255	0.13073	1	-0.095877	-0.14039	0.38637	0.27105	-0.10104	-0.16523	-0.17747	-0.051973	-0.095877	1	0.2433	0.62314	0.68237	-0.23597	0.29922	-0.78011	0.69068	-0.14039	0.2433	1
