1	-0.31662	-0.55469	0.38093	0.37062	0.067366	-0.57229	0.038413	-0.67957	-0.31662	1	0.25362	-0.090616	-0.00020558	-0.080993	0.13357	-0.21248	-0.15835	-0.55469	0.25362	1	-0.5069	-0.17432	0.12121	0.064534	-0.19487	0.66284	0.38093	-0.090616	-0.5069	1	-0.051132	0.020833	-0.21215	0.24714	-0.56099	0.37062	-0.00020558	-0.17432	-0.051132	1	-0.11887	-0.33768	-0.37767	-0.27788	0.067366	-0.080993	0.12121	0.020833	-0.11887	1	-0.066799	0.49197	-0.20358	-0.57229	0.13357	0.064534	-0.21215	-0.33768	-0.066799	1	-0.052235	0.5361	0.038413	-0.21248	-0.19487	0.24714	-0.37767	0.49197	-0.052235	1	-0.17869	-0.67957	-0.15835	0.66284	-0.56099	-0.27788	-0.20358	0.5361	-0.17869	1
