1	0.053639	0.32049	-0.53539	-0.21232	-0.53571	-0.24778	-0.41198	-0.078243	0.053639	1	0.40893	-0.079595	-0.32275	-0.066085	-0.11134	-0.19863	-0.72546	0.32049	0.40893	1	-0.64843	-0.26228	-0.18286	-0.58694	0.029468	-0.58503	-0.53539	-0.079595	-0.64843	1	0.31405	0.03773	0.78284	-0.061343	0.48661	-0.21232	-0.32275	-0.26228	0.31405	1	0.057812	0.047671	0.19333	0.64798	-0.53571	-0.066085	-0.18286	0.03773	0.057812	1	0.02329	0.17832	-0.049053	-0.24778	-0.11134	-0.58694	0.78284	0.047671	0.02329	1	-0.16452	0.44024	-0.41198	-0.19863	0.029468	-0.061343	0.19333	0.17832	-0.16452	1	0.026988	-0.078243	-0.72546	-0.58503	0.48661	0.64798	-0.049053	0.44024	0.026988	1
