1	-0.25183	-0.1768	0.43549	0.35507	-0.3043	0.31134	-0.41602	0.52733	-0.25183	1	0.71565	0.25808	-0.12836	0.074812	-0.60596	-0.047254	0.02609	-0.1768	0.71565	1	0.34687	-0.31622	0.40008	-0.69682	0.24946	-0.012956	0.43549	0.25808	0.34687	1	-0.040598	0.098154	-0.27548	-0.33159	0.7833	0.35507	-0.12836	-0.31622	-0.040598	1	0.19153	0.059567	4.0667e-05	0.30402	-0.3043	0.074812	0.40008	0.098154	0.19153	1	-0.37824	0.56372	0.088897	0.31134	-0.60596	-0.69682	-0.27548	0.059567	-0.37824	1	-0.26438	-0.30292	-0.41602	-0.047254	0.24946	-0.33159	4.0667e-05	0.56372	-0.26438	1	-0.26486	0.52733	0.02609	-0.012956	0.7833	0.30402	0.088897	-0.30292	-0.26486	1
