1	-0.28149	0.067657	0.085871	0.45253	-0.6425	-0.35069	0.2668	0.13348	-0.28149	1	-0.11321	-0.11141	-0.28562	-0.024798	0.6908	0.22268	0.32125	0.067657	-0.11321	1	0.054946	-0.20234	0.11576	-0.37365	0.65109	0.28727	0.085871	-0.11141	0.054946	1	0.53313	-0.30779	-0.14259	-0.16731	0.12006	0.45253	-0.28562	-0.20234	0.53313	1	-0.38755	-0.19371	0.012494	-0.43933	-0.6425	-0.024798	0.11576	-0.30779	-0.38755	1	-0.14068	-0.13077	-0.1322	-0.35069	0.6908	-0.37365	-0.14259	-0.19371	-0.14068	1	-0.1807	-0.11996	0.2668	0.22268	0.65109	-0.16731	0.012494	-0.13077	-0.1807	1	0.21308	0.13348	0.32125	0.28727	0.12006	-0.43933	-0.1322	-0.11996	0.21308	1
