1	-0.21159	0.2869	-0.21114	0.067592	0.44781	0.015657	0.25354	-0.041607	-0.21159	1	0.083841	0.49456	-0.03517	-0.011644	-0.2189	-0.31335	0.038486	0.2869	0.083841	1	0.52906	0.16768	0.4038	0.37587	0.48681	0.28554	-0.21114	0.49456	0.52906	1	0.19454	-0.10328	0.033651	0.10216	0.59801	0.067592	-0.03517	0.16768	0.19454	1	0.4058	0.047669	0.4413	0.32021	0.44781	-0.011644	0.4038	-0.10328	0.4058	1	0.11271	0.07944	-0.19761	0.015657	-0.2189	0.37587	0.033651	0.047669	0.11271	1	0.23364	-0.11163	0.25354	-0.31335	0.48681	0.10216	0.4413	0.07944	0.23364	1	0.035354	-0.041607	0.038486	0.28554	0.59801	0.32021	-0.19761	-0.11163	0.035354	1
