1	0.34381	0.46234	-0.68483	0.051504	-0.39618	-0.50636	-0.52299	-0.14065	0.34381	1	0.33257	0.20614	0.26406	0.083355	-0.43086	0.0026972	-0.078159	0.46234	0.33257	1	0.029127	0.42274	-0.24743	-0.57233	-0.15267	-0.17117	-0.68483	0.20614	0.029127	1	0.40722	0.58236	0.19804	0.45025	-0.077527	0.051504	0.26406	0.42274	0.40722	1	0.57179	-0.27559	-0.49987	-0.76152	-0.39618	0.083355	-0.24743	0.58236	0.57179	1	0.3756	-0.017353	-0.32061	-0.50636	-0.43086	-0.57233	0.19804	-0.27559	0.3756	1	0.19895	0.32388	-0.52299	0.0026972	-0.15267	0.45025	-0.49987	-0.017353	0.19895	1	0.7206	-0.14065	-0.078159	-0.17117	-0.077527	-0.76152	-0.32061	0.32388	0.7206	1
