1	-0.088965	-0.18259	0.38067	0.23237	0.50326	-0.013205	-0.12839	-0.50263	-0.088965	1	0.18335	-0.027154	0.049527	0.44167	-0.31215	0.61732	0.29723	-0.18259	0.18335	1	-0.75238	0.0065982	-0.3106	-0.20686	-0.072036	0.16354	0.38067	-0.027154	-0.75238	1	-0.0041929	0.53241	0.18103	0.22634	-0.11553	0.23237	0.049527	0.0065982	-0.0041929	1	0.3111	0.4745	0.25026	0.24654	0.50326	0.44167	-0.3106	0.53241	0.3111	1	-0.088473	0.4786	0.030495	-0.013205	-0.31215	-0.20686	0.18103	0.4745	-0.088473	1	-0.30647	0.13391	-0.12839	0.61732	-0.072036	0.22634	0.25026	0.4786	-0.30647	1	0.651	-0.50263	0.29723	0.16354	-0.11553	0.24654	0.030495	0.13391	0.651	1
