1	0.42012	0.48157	0.40161	-0.27338	-0.29134	0.12736	-0.091486	0.13094	0.42012	1	0.72612	-0.071765	-0.19112	-0.34285	0.26041	-0.23946	0.27386	0.48157	0.72612	1	0.18085	-0.42553	-0.47385	0.011711	-0.37004	0.62833	0.40161	-0.071765	0.18085	1	-0.55023	-0.012252	0.32017	-0.43456	0.26391	-0.27338	-0.19112	-0.42553	-0.55023	1	0.25611	-0.52714	0.69271	-0.41235	-0.29134	-0.34285	-0.47385	-0.012252	0.25611	1	-0.24646	0.65626	-0.42943	0.12736	0.26041	0.011711	0.32017	-0.52714	-0.24646	1	-0.59252	0.10633	-0.091486	-0.23946	-0.37004	-0.43456	0.69271	0.65626	-0.59252	1	-0.54222	0.13094	0.27386	0.62833	0.26391	-0.41235	-0.42943	0.10633	-0.54222	1
