1	0.10586	0.19191	0.46869	-0.10777	-0.59151	0.68234	-0.17007	0.738	0.10586	1	-0.17429	0.0069717	-0.14378	0.26644	-0.10826	-0.63645	0.072598	0.19191	-0.17429	1	0.39607	0.40301	-0.31811	0.11484	0.12382	-0.15176	0.46869	0.0069717	0.39607	1	-0.032513	-0.66507	0.029726	0.29653	0.080207	-0.10777	-0.14378	0.40301	-0.032513	1	0.11055	-0.2419	0.21738	-0.46472	-0.59151	0.26644	-0.31811	-0.66507	0.11055	1	-0.35359	-0.32223	-0.41152	0.68234	-0.10826	0.11484	0.029726	-0.2419	-0.35359	1	-0.26999	0.83374	-0.17007	-0.63645	0.12382	0.29653	0.21738	-0.32223	-0.26999	1	-0.42064	0.738	0.072598	-0.15176	0.080207	-0.46472	-0.41152	0.83374	-0.42064	1
