1	0.30591	0.076536	-0.31025	-0.46268	0.26079	-0.16352	-0.51865	0.40426	0.30591	1	0.28106	0.072109	0.014475	-0.18422	0.36832	0.33617	0.046317	0.076536	0.28106	1	0.14946	0.10481	-0.60682	0.41704	0.072444	0.048819	-0.31025	0.072109	0.14946	1	-0.013065	-0.038415	0.23935	0.36533	-0.62786	-0.46268	0.014475	0.10481	-0.013065	1	-0.40487	0.56084	0.22349	-0.06156	0.26079	-0.18422	-0.60682	-0.038415	-0.40487	1	-0.37283	-0.063848	-0.20588	-0.16352	0.36832	0.41704	0.23935	0.56084	-0.37283	1	0.61424	-0.24716	-0.51865	0.33617	0.072444	0.36533	0.22349	-0.063848	0.61424	1	-0.53746	0.40426	0.046317	0.048819	-0.62786	-0.06156	-0.20588	-0.24716	-0.53746	1
