1	-0.31212	0.46412	0.35576	0.077416	0.011667	0.7735	-0.053847	0.46059	-0.31212	1	-0.51883	-0.68857	-0.31415	0.34853	-0.31124	0.46863	-0.44041	0.46412	-0.51883	1	0.25015	0.45487	-0.49394	0.35119	0.038188	0.27801	0.35576	-0.68857	0.25015	1	0.5815	-0.10827	0.13652	-0.51762	0.58478	0.077416	-0.31415	0.45487	0.5815	1	-0.37277	-0.37562	0.13793	0.10448	0.011667	0.34853	-0.49394	-0.10827	-0.37277	1	-0.036184	0.04427	0.16704	0.7735	-0.31124	0.35119	0.13652	-0.37562	-0.036184	1	-0.21	0.32758	-0.053847	0.46863	0.038188	-0.51762	0.13793	0.04427	-0.21	1	-0.7228	0.46059	-0.44041	0.27801	0.58478	0.10448	0.16704	0.32758	-0.7228	1
