1	-0.003391	0.08021	-0.27431	-0.098579	0.13754	-0.26283	-0.2313	0.12056	-0.003391	1	-0.01638	0.52964	0.67915	0.12642	0.0077304	0.066263	-0.47968	0.08021	-0.01638	1	0.037418	0.32976	-0.71911	-0.28924	-0.6806	0.18999	-0.27431	0.52964	0.037418	1	0.64006	-0.047897	0.17345	0.11011	-0.5394	-0.098579	0.67915	0.32976	0.64006	1	-0.33711	-0.16427	-0.058942	-0.20925	0.13754	0.12642	-0.71911	-0.047897	-0.33711	1	0.52902	0.32605	-0.55976	-0.26283	0.0077304	-0.28924	0.17345	-0.16427	0.52902	1	0.30386	-0.66898	-0.2313	0.066263	-0.6806	0.11011	-0.058942	0.32605	0.30386	1	0.0032788	0.12056	-0.47968	0.18999	-0.5394	-0.20925	-0.55976	-0.66898	0.0032788	1
