1	0.21047	0.13478	0.033003	-0.10465	-0.50704	-0.08673	-0.051712	0.15041	0.21047	1	0.32351	-0.095667	0.19091	0.30794	0.33039	0.74594	0.038149	0.13478	0.32351	1	0.18025	-0.11102	-0.10129	0.085945	0.40982	0.45039	0.033003	-0.095667	0.18025	1	0.37504	0.19561	-0.36967	-0.27048	-0.090897	-0.10465	0.19091	-0.11102	0.37504	1	0.046705	-0.092276	-0.35939	-0.25017	-0.50704	0.30794	-0.10129	0.19561	0.046705	1	0.15468	0.41462	-0.36388	-0.08673	0.33039	0.085945	-0.36967	-0.092276	0.15468	1	0.46822	-0.45896	-0.051712	0.74594	0.40982	-0.27048	-0.35939	0.41462	0.46822	1	0.18285	0.15041	0.038149	0.45039	-0.090897	-0.25017	-0.36388	-0.45896	0.18285	1
