1	0.02941	0.24065	0.42147	-0.30154	-0.049509	0.12813	0.046879	-0.096564	0.02941	1	-0.22535	0.092677	0.54437	-0.066307	-0.22916	0.30593	0.33241	0.24065	-0.22535	1	0.28017	-0.63297	-0.2012	0.15158	0.17526	0.34931	0.42147	0.092677	0.28017	1	-0.13315	0.12713	-0.1425	0.65643	0.4256	-0.30154	0.54437	-0.63297	-0.13315	1	0.24899	-0.1237	-0.11701	-0.10407	-0.049509	-0.066307	-0.2012	0.12713	0.24899	1	-0.38924	-0.014938	-0.21985	0.12813	-0.22916	0.15158	-0.1425	-0.1237	-0.38924	1	-0.19599	-0.43197	0.046879	0.30593	0.17526	0.65643	-0.11701	-0.014938	-0.19599	1	0.45138	-0.096564	0.33241	0.34931	0.4256	-0.10407	-0.21985	-0.43197	0.45138	1
