1	0.049949	-0.09813	0.16002	-0.18783	-0.21542	-0.029756	-0.30436	0.20063	0.049949	1	0.038596	0.60643	0.09139	-0.068727	-0.16376	-0.62822	0.40859	-0.09813	0.038596	1	0.50335	0.49446	0.5247	0.18992	-0.39113	-0.67783	0.16002	0.60643	0.50335	1	-0.11371	-0.085276	-0.06979	-0.66402	-0.20947	-0.18783	0.09139	0.49446	-0.11371	1	0.87946	-0.12559	-0.26079	-0.048591	-0.21542	-0.068727	0.5247	-0.085276	0.87946	1	0.048612	-0.20343	-0.13577	-0.029756	-0.16376	0.18992	-0.06979	-0.12559	0.048612	1	0.13117	-0.37654	-0.30436	-0.62822	-0.39113	-0.66402	-0.26079	-0.20343	0.13117	1	-0.27169	0.20063	0.40859	-0.67783	-0.20947	-0.048591	-0.13577	-0.37654	-0.27169	1
