1	-0.52074	-0.47708	0.59303	0.1165	0.041713	-0.36926	0.062456	-0.20017	-0.52074	1	0.41586	-0.51154	0.17683	0.079864	-0.10388	-0.54928	0.26181	-0.47708	0.41586	1	-0.27646	-0.56085	-0.070389	-0.056603	0.31357	0.53458	0.59303	-0.51154	-0.27646	1	-0.14791	0.20397	-0.11174	0.18564	0.068734	0.1165	0.17683	-0.56085	-0.14791	1	0.16069	0.22245	-0.74901	-0.59425	0.041713	0.079864	-0.070389	0.20397	0.16069	1	-0.31783	-0.185	0.12775	-0.36926	-0.10388	-0.056603	-0.11174	0.22245	-0.31783	1	-0.14258	-0.2418	0.062456	-0.54928	0.31357	0.18564	-0.74901	-0.185	-0.14258	1	0.095848	-0.20017	0.26181	0.53458	0.068734	-0.59425	0.12775	-0.2418	0.095848	1
