1	0.31896	0.11108	0.19068	-0.31034	0.16344	0.10617	0.40746	-0.096051	0.31896	1	0.052099	0.6357	0.15612	0.55658	0.15201	-0.034036	-0.49723	0.11108	0.052099	1	0.17493	0.11566	0.32455	-0.61802	-0.013377	-0.54607	0.19068	0.6357	0.17493	1	-0.20924	0.80056	0.19781	-0.40477	-0.33893	-0.31034	0.15612	0.11566	-0.20924	1	0.089313	-0.34192	0.012334	-0.41231	0.16344	0.55658	0.32455	0.80056	0.089313	1	-0.13971	-0.48874	-0.6609	0.10617	0.15201	-0.61802	0.19781	-0.34192	-0.13971	1	0.065914	0.45251	0.40746	-0.034036	-0.013377	-0.40477	0.012334	-0.48874	0.065914	1	0.097216	-0.096051	-0.49723	-0.54607	-0.33893	-0.41231	-0.6609	0.45251	0.097216	1
