1	-0.10516	-0.48101	0.65721	0.27253	0.27111	-0.2026	0.033036	0.38699	-0.10516	1	0.029367	-0.015238	0.015846	-0.14316	-0.27558	0.097373	-0.36778	-0.48101	0.029367	1	-0.45458	-0.41724	0.079227	-0.32242	0.12781	-0.63101	0.65721	-0.015238	-0.45458	1	0.36577	0.10157	-0.25211	0.043524	0.46686	0.27253	0.015846	-0.41724	0.36577	1	0.34196	0.45623	0.34021	0.76283	0.27111	-0.14316	0.079227	0.10157	0.34196	1	0.45389	0.61181	0.38846	-0.2026	-0.27558	-0.32242	-0.25211	0.45623	0.45389	1	0.49683	0.51217	0.033036	0.097373	0.12781	0.043524	0.34021	0.61181	0.49683	1	0.015568	0.38699	-0.36778	-0.63101	0.46686	0.76283	0.38846	0.51217	0.015568	1
