1	0.35686	0.28046	-0.26556	-0.43451	0.44942	0.23629	-0.28584	-0.64689	0.35686	1	0.11629	-0.25773	-0.36708	0.33937	0.093771	-0.12233	-0.5228	0.28046	0.11629	1	-0.10866	0.039787	0.26802	0.77255	0.63314	0.21294	-0.26556	-0.25773	-0.10866	1	0.43649	0.0055825	-0.058828	-0.30668	0.093272	-0.43451	-0.36708	0.039787	0.43649	1	-0.13289	0.069315	0.21603	0.089641	0.44942	0.33937	0.26802	0.0055825	-0.13289	1	0.44162	0.023972	-0.38564	0.23629	0.093771	0.77255	-0.058828	0.069315	0.44162	1	0.52517	-0.0023222	-0.28584	-0.12233	0.63314	-0.30668	0.21603	0.023972	0.52517	1	0.40198	-0.64689	-0.5228	0.21294	0.093272	0.089641	-0.38564	-0.0023222	0.40198	1
