1	-0.26357	-0.38262	-0.3621	0.07638	-0.17426	-0.20441	0.4212	0.0751	-0.26357	1	0.053325	0.33364	0.05337	-0.031496	0.33182	-0.34635	-0.08762	-0.38262	0.053325	1	0.50572	-0.15627	0.18238	-0.084027	-0.29408	-0.42102	-0.3621	0.33364	0.50572	1	0.21393	0.32884	-0.13008	-0.42853	-0.25773	0.07638	0.05337	-0.15627	0.21393	1	-0.40781	0.020614	-0.21641	0.82149	-0.17426	-0.031496	0.18238	0.32884	-0.40781	1	0.21704	0.29938	-0.51831	-0.20441	0.33182	-0.084027	-0.13008	0.020614	0.21704	1	0.14477	0.16541	0.4212	-0.34635	-0.29408	-0.42853	-0.21641	0.29938	0.14477	1	-0.18005	0.0751	-0.08762	-0.42102	-0.25773	0.82149	-0.51831	0.16541	-0.18005	1
