1	-0.027429	0.086929	0.4371	0.28464	0.45727	0.202	-0.25543	0.26623	-0.027429	1	-0.41927	0.52343	0.41506	-0.30275	0.4113	-0.43962	0.29635	0.086929	-0.41927	1	0.064956	-0.31008	0.36704	-0.24251	0.37916	0.25985	0.4371	0.52343	0.064956	1	0.36609	0.087851	0.40507	-0.39293	0.5773	0.28464	0.41506	-0.31008	0.36609	1	0.59205	0.84163	-0.42211	0.67951	0.45727	-0.30275	0.36704	0.087851	0.59205	1	0.3693	-0.05146	0.60259	0.202	0.4113	-0.24251	0.40507	0.84163	0.3693	1	-0.41097	0.68115	-0.25543	-0.43962	0.37916	-0.39293	-0.42211	-0.05146	-0.41097	1	-0.19091	0.26623	0.29635	0.25985	0.5773	0.67951	0.60259	0.68115	-0.19091	1
