1	0.10644	0.57536	-0.48254	0.34293	0.10216	-0.62679	0.48647	-0.2056	0.10644	1	0.039372	-0.33449	-0.52206	0.31324	-0.26969	-0.14842	-0.035198	0.57536	0.039372	1	-0.33769	0.10628	0.047282	-0.40632	0.18745	-0.0089895	-0.48254	-0.33449	-0.33769	1	0.36286	-0.023974	0.60596	0.06076	-0.17333	0.34293	-0.52206	0.10628	0.36286	1	0.061358	0.037125	0.13074	-0.50042	0.10216	0.31324	0.047282	-0.023974	0.061358	1	0.30808	-0.41685	-0.60184	-0.62679	-0.26969	-0.40632	0.60596	0.037125	0.30808	1	-0.39863	0.030123	0.48647	-0.14842	0.18745	0.06076	0.13074	-0.41685	-0.39863	1	0.33525	-0.2056	-0.035198	-0.0089895	-0.17333	-0.50042	-0.60184	0.030123	0.33525	1
