1	0.23874	0.23938	-0.16171	0.021017	-0.13059	0.17697	0.14403	-0.15975	0.23874	1	0.29557	-0.0091001	0.22792	0.22324	0.084812	-0.52888	-0.03871	0.23938	0.29557	1	-0.28545	-0.48722	-0.52397	-0.007115	-0.62854	0.36427	-0.16171	-0.0091001	-0.28545	1	0.47676	0.21098	0.056298	0.20322	-0.27902	0.021017	0.22792	-0.48722	0.47676	1	0.58623	-0.32429	0.16621	0.17574	-0.13059	0.22324	-0.52397	0.21098	0.58623	1	-0.38862	0.35087	0.17402	0.17697	0.084812	-0.007115	0.056298	-0.32429	-0.38862	1	-0.27501	-0.45646	0.14403	-0.52888	-0.62854	0.20322	0.16621	0.35087	-0.27501	1	-0.38365	-0.15975	-0.03871	0.36427	-0.27902	0.17574	0.17402	-0.45646	-0.38365	1
