1	-0.32165	-0.10241	0.057154	-0.27059	-0.12939	-0.37031	0.32161	-0.6249	-0.32165	1	0.21685	0.11366	-0.56006	0.18949	0.5086	-0.45128	0.016704	-0.10241	0.21685	1	-0.52775	0.1259	-0.3777	0.35183	0.34482	0.49605	0.057154	0.11366	-0.52775	1	-0.4428	0.24483	-0.19821	-0.49743	-0.64656	-0.27059	-0.56006	0.1259	-0.4428	1	-0.22117	-0.3245	0.50252	0.5876	-0.12939	0.18949	-0.3777	0.24483	-0.22117	1	-0.27465	-0.44223	-0.3078	-0.37031	0.5086	0.35183	-0.19821	-0.3245	-0.27465	1	-0.24629	0.33602	0.32161	-0.45128	0.34482	-0.49743	0.50252	-0.44223	-0.24629	1	0.25698	-0.6249	0.016704	0.49605	-0.64656	0.5876	-0.3078	0.33602	0.25698	1
