1	-0.11456	-0.24739	-0.014055	0.23085	-0.11682	0.34989	-0.13859	0.2171	-0.11456	1	-0.35675	-0.26688	0.24008	0.67716	-0.24989	-0.62038	-0.56493	-0.24739	-0.35675	1	0.64799	-0.80041	-0.63445	0.35083	0.25052	0.33884	-0.014055	-0.26688	0.64799	1	-0.5456	-0.83962	-0.24707	-0.10706	0.73412	0.23085	0.24008	-0.80041	-0.5456	1	0.45677	-0.23226	-0.15877	-0.4577	-0.11682	0.67716	-0.63445	-0.83962	0.45677	1	0.015089	-0.11851	-0.79456	0.34989	-0.24989	0.35083	-0.24707	-0.23226	0.015089	1	0.25039	-0.28785	-0.13859	-0.62038	0.25052	-0.10706	-0.15877	-0.11851	0.25039	1	0.099854	0.2171	-0.56493	0.33884	0.73412	-0.4577	-0.79456	-0.28785	0.099854	1
