1	0.47434	-0.10207	-0.55337	0.14245	0.065622	0.23111	-0.020437	0.35419	0.47434	1	-0.27681	-0.060404	0.17256	0.43744	-0.1341	0.1541	0.30295	-0.10207	-0.27681	1	0.20942	-0.24077	0.016081	0.011557	-0.25875	0.40946	-0.55337	-0.060404	0.20942	1	0.43713	0.41789	-0.75607	0.040248	-0.20893	0.14245	0.17256	-0.24077	0.43713	1	0.51767	-0.65842	0.18103	-0.21923	0.065622	0.43744	0.016081	0.41789	0.51767	1	-0.59043	-0.10892	-0.19037	0.23111	-0.1341	0.011557	-0.75607	-0.65842	-0.59043	1	0.0050123	0.3814	-0.020437	0.1541	-0.25875	0.040248	0.18103	-0.10892	0.0050123	1	-0.40474	0.35419	0.30295	0.40946	-0.20893	-0.21923	-0.19037	0.3814	-0.40474	1
