1	-0.6641	0.52437	-0.33564	-0.62662	-0.70342	0.51931	-0.22599	0.13696	-0.6641	1	-0.63258	-0.090417	0.53905	0.55972	-0.50047	0.29225	-0.26855	0.52437	-0.63258	1	0.43459	-0.5055	-0.55993	-0.021553	-0.60027	0.015504	-0.33564	-0.090417	0.43459	1	0.43583	-0.039274	-0.43201	-0.66984	0.059375	-0.62662	0.53905	-0.5055	0.43583	1	0.4603	-0.48745	-0.19886	0.028117	-0.70342	0.55972	-0.55993	-0.039274	0.4603	1	-0.39376	0.43722	-0.26982	0.51931	-0.50047	-0.021553	-0.43201	-0.48745	-0.39376	1	0.32929	0.3034	-0.22599	0.29225	-0.60027	-0.66984	-0.19886	0.43722	0.32929	1	0.14451	0.13696	-0.26855	0.015504	0.059375	0.028117	-0.26982	0.3034	0.14451	1
