1	-0.039847	0.064984	0.26356	-0.017305	0.19066	0.051979	0.16501	-0.37675	-0.039847	1	-0.18125	-0.21852	-0.058408	-0.17091	-0.51065	-0.37723	0.25199	0.064984	-0.18125	1	0.51639	0.25559	-0.080579	0.1051	-0.41173	-0.38027	0.26356	-0.21852	0.51639	1	0.42557	-0.026182	0.23144	0.052552	-0.45879	-0.017305	-0.058408	0.25559	0.42557	1	-0.14524	0.56119	-0.0077338	0.47558	0.19066	-0.17091	-0.080579	-0.026182	-0.14524	1	-0.42447	0.3308	-0.094204	0.051979	-0.51065	0.1051	0.23144	0.56119	-0.42447	1	0.407	0.060038	0.16501	-0.37723	-0.41173	0.052552	-0.0077338	0.3308	0.407	1	-0.10332	-0.37675	0.25199	-0.38027	-0.45879	0.47558	-0.094204	0.060038	-0.10332	1
