1	-0.42533	0.20868	-0.26017	-0.14917	-0.3864	-0.1922	0.67485	-0.012416	-0.42533	1	0.51194	0.092762	-0.53498	-0.28634	-0.18227	-0.32027	-0.58478	0.20868	0.51194	1	-0.27133	-0.44407	-0.35185	-0.44008	-0.0058283	-0.36164	-0.26017	0.092762	-0.27133	1	0.16905	0.32765	0.27958	-0.34872	-0.013704	-0.14917	-0.53498	-0.44407	0.16905	1	0.7385	0.3443	-0.22618	0.33531	-0.3864	-0.28634	-0.35185	0.32765	0.7385	1	0.65827	-0.17832	0.0035885	-0.1922	-0.18227	-0.44008	0.27958	0.3443	0.65827	1	0.055985	-0.4045	0.67485	-0.32027	-0.0058283	-0.34872	-0.22618	-0.17832	0.055985	1	-0.051681	-0.012416	-0.58478	-0.36164	-0.013704	0.33531	0.0035885	-0.4045	-0.051681	1
