1	0.39544	-0.12015	0.35405	-0.14269	-0.83461	0.019621	-0.021577	-0.68622	0.39544	1	-0.056189	0.70068	-0.022671	-0.55492	0.20843	0.12096	-0.29929	-0.12015	-0.056189	1	0.15519	-0.13965	0.079161	0.05675	0.73921	-0.036738	0.35405	0.70068	0.15519	1	0.12043	-0.31238	-0.11981	0.29906	0.062022	-0.14269	-0.022671	-0.13965	0.12043	1	0.40156	-0.43366	0.27371	0.31506	-0.83461	-0.55492	0.079161	-0.31238	0.40156	1	-0.30877	0.061824	0.74792	0.019621	0.20843	0.05675	-0.11981	-0.43366	-0.30877	1	0.13118	-0.17541	-0.021577	0.12096	0.73921	0.29906	0.27371	0.061824	0.13118	1	0.019392	-0.68622	-0.29929	-0.036738	0.062022	0.31506	0.74792	-0.17541	0.019392	1
