1	-0.35674	0.16905	0.23039	0.42354	0.36783	0.3597	0.50549	0.80154	-0.35674	1	0.47235	0.40846	0.15191	-0.47413	-0.14045	-0.17287	-0.58542	0.16905	0.47235	1	0.18493	0.5994	0.10887	0.49893	0.27233	0.1702	0.23039	0.40846	0.18493	1	0.66338	0.14111	-0.12464	0.44986	-0.13061	0.42354	0.15191	0.5994	0.66338	1	0.37501	0.19048	0.78542	0.2516	0.36783	-0.47413	0.10887	0.14111	0.37501	1	0.35102	0.54289	0.40168	0.3597	-0.14045	0.49893	-0.12464	0.19048	0.35102	1	0.12733	0.62322	0.50549	-0.17287	0.27233	0.44986	0.78542	0.54289	0.12733	1	0.38017	0.80154	-0.58542	0.1702	-0.13061	0.2516	0.40168	0.62322	0.38017	1
