1	-0.13794	0.067132	-0.55125	-0.61437	0.21467	0.35474	-0.29603	-0.51746	-0.13794	1	-0.20698	-0.22929	-0.040492	-0.21838	0.21623	0.34727	0.38961	0.067132	-0.20698	1	-0.2645	0.11595	-0.40887	0.059559	0.28999	-0.4127	-0.55125	-0.22929	-0.2645	1	0.53537	0.18006	-0.68247	0.10846	0.20837	-0.61437	-0.040492	0.11595	0.53537	1	-0.24253	-0.56464	0.45701	0.52396	0.21467	-0.21838	-0.40887	0.18006	-0.24253	1	-0.041616	-0.52335	-0.5067	0.35474	0.21623	0.059559	-0.68247	-0.56464	-0.041616	1	-0.34026	-0.17554	-0.29603	0.34727	0.28999	0.10846	0.45701	-0.52335	-0.34026	1	0.358	-0.51746	0.38961	-0.4127	0.20837	0.52396	-0.5067	-0.17554	0.358	1
