1	-0.20615	0.20411	-0.35295	0.19127	-0.45512	-0.4057	-0.11931	0.098367	-0.20615	1	-0.5166	0.47428	0.089464	0.10424	-0.019758	0.24101	-0.062617	0.20411	-0.5166	1	-0.1589	-0.2645	-0.21736	0.15709	-0.64954	0.60811	-0.35295	0.47428	-0.1589	1	-0.32175	0.49037	-0.00097128	-0.32692	-0.092051	0.19127	0.089464	-0.2645	-0.32175	1	-0.095872	0.48738	0.27999	0.1127	-0.45512	0.10424	-0.21736	0.49037	-0.095872	1	0.15438	0.14309	-0.39975	-0.4057	-0.019758	0.15709	-0.00097128	0.48738	0.15438	1	-0.18206	0.29223	-0.11931	0.24101	-0.64954	-0.32692	0.27999	0.14309	-0.18206	1	-0.60503	0.098367	-0.062617	0.60811	-0.092051	0.1127	-0.39975	0.29223	-0.60503	1
