1	0.32055	-0.5972	-0.40826	0.42166	-0.1913	-0.58843	0.13155	-0.26784	0.32055	1	-0.48044	0.15126	0.07444	-0.27359	-0.34142	0.48759	0.08612	-0.5972	-0.48044	1	-0.23996	-0.15846	0.10907	0.28472	-0.3121	-0.085258	-0.40826	0.15126	-0.23996	1	0.10084	0.03741	0.45835	0.21325	0.35247	0.42166	0.07444	-0.15846	0.10084	1	-0.13252	-0.064045	-0.083665	-0.29973	-0.1913	-0.27359	0.10907	0.03741	-0.13252	1	-0.064997	-0.48616	0.17039	-0.58843	-0.34142	0.28472	0.45835	-0.064045	-0.064997	1	-0.27397	-0.053107	0.13155	0.48759	-0.3121	0.21325	-0.083665	-0.48616	-0.27397	1	0.62913	-0.26784	0.08612	-0.085258	0.35247	-0.29973	0.17039	-0.053107	0.62913	1
