1	-0.32424	0.079243	-0.093074	-0.15337	0.1525	-0.058157	-0.51091	0.44433	-0.32424	1	-0.20523	-0.0029198	0.50079	-0.087458	-0.25109	0.5265	0.39166	0.079243	-0.20523	1	0.081399	-0.098463	0.17881	0.029606	0.069173	-0.12072	-0.093074	-0.0029198	0.081399	1	-0.16275	0.25759	0.12083	-0.0067654	-0.0442	-0.15337	0.50079	-0.098463	-0.16275	1	0.074866	-0.73906	0.19275	0.55472	0.1525	-0.087458	0.17881	0.25759	0.074866	1	0.29319	0.15091	0.33414	-0.058157	-0.25109	0.029606	0.12083	-0.73906	0.29319	1	-0.010775	-0.39193	-0.51091	0.5265	0.069173	-0.0067654	0.19275	0.15091	-0.010775	1	0.26361	0.44433	0.39166	-0.12072	-0.0442	0.55472	0.33414	-0.39193	0.26361	1
