1	-0.047659	-0.50029	0.29144	0.11451	0.15563	-0.060172	-0.24382	-0.12121	-0.047659	1	-0.26355	0.08737	0.014211	-0.10643	-0.15042	0.44903	-0.07484	-0.50029	-0.26355	1	0.15504	-0.05349	-0.32928	-0.10912	-0.29683	0.59589	0.29144	0.08737	0.15504	1	0.35474	0.15565	-0.45756	0.26849	0.10936	0.11451	0.014211	-0.05349	0.35474	1	0.18725	-0.056081	0.067351	-0.075087	0.15563	-0.10643	-0.32928	0.15565	0.18725	1	-0.51869	-0.055949	-0.11686	-0.060172	-0.15042	-0.10912	-0.45756	-0.056081	-0.51869	1	0.1753	0.096749	-0.24382	0.44903	-0.29683	0.26849	0.067351	-0.055949	0.1753	1	-0.25117	-0.12121	-0.07484	0.59589	0.10936	-0.075087	-0.11686	0.096749	-0.25117	1
