1	0.099507	0.21819	-0.29594	-0.62713	-0.07679	0.37144	-0.08611	-0.33617	0.099507	1	0.30413	0.21038	-0.039157	-0.55089	0.46112	-0.17142	-0.2777	0.21819	0.30413	1	0.1082	-0.42822	-0.43486	0.28252	-0.19991	0.24833	-0.29594	0.21038	0.1082	1	0.31498	-0.33806	0.37934	0.15146	-0.13644	-0.62713	-0.039157	-0.42822	0.31498	1	0.035498	0.095572	0.39009	0.14868	-0.07679	-0.55089	-0.43486	-0.33806	0.035498	1	-0.28676	0.40258	-0.045428	0.37144	0.46112	0.28252	0.37934	0.095572	-0.28676	1	0.33626	-0.48912	-0.08611	-0.17142	-0.19991	0.15146	0.39009	0.40258	0.33626	1	-0.11747	-0.33617	-0.2777	0.24833	-0.13644	0.14868	-0.045428	-0.48912	-0.11747	1
