1	0.48526	-0.32286	0.58359	0.22967	0.33944	0.2857	0.49037	-0.13085	0.48526	1	0.23386	0.17821	0.3044	0.14596	-0.047415	0.013276	0.44446	-0.32286	0.23386	1	-0.73223	0.20282	0.23526	-0.19548	-0.44611	0.21027	0.58359	0.17821	-0.73223	1	-0.22622	-0.091256	0.35293	0.5015	-0.28944	0.22967	0.3044	0.20282	-0.22622	1	-0.20241	-0.40408	-0.10473	0.25208	0.33944	0.14596	0.23526	-0.091256	-0.20241	1	0.61482	-0.16301	-0.016262	0.2857	-0.047415	-0.19548	0.35293	-0.40408	0.61482	1	-0.2845	-0.43596	0.49037	0.013276	-0.44611	0.5015	-0.10473	-0.16301	-0.2845	1	-0.23124	-0.13085	0.44446	0.21027	-0.28944	0.25208	-0.016262	-0.43596	-0.23124	1
