1	-0.4327	-0.57671	0.19667	0.19945	-0.12258	0.085708	0.4491	-0.2483	-0.4327	1	0.13034	0.39576	-0.29145	-0.18495	0.1181	-0.23813	0.52091	-0.57671	0.13034	1	-0.12236	0.1035	0.27929	-0.18655	-0.50745	0.34331	0.19667	0.39576	-0.12236	1	0.22939	-0.063855	0.49663	-0.18899	0.086763	0.19945	-0.29145	0.1035	0.22939	1	0.6123	-0.067102	-0.18383	-0.29379	-0.12258	-0.18495	0.27929	-0.063855	0.6123	1	-0.14998	0.095965	0.2512	0.085708	0.1181	-0.18655	0.49663	-0.067102	-0.14998	1	0.2761	0.14687	0.4491	-0.23813	-0.50745	-0.18899	-0.18383	0.095965	0.2761	1	0.024204	-0.2483	0.52091	0.34331	0.086763	-0.29379	0.2512	0.14687	0.024204	1
