1	0.25576	0.11872	0.50781	-0.10228	0.089271	0.18187	-0.44857	0.52932	0.25576	1	-0.096295	-0.13057	-0.49688	-0.25423	0.03392	-0.63492	0.12257	0.11872	-0.096295	1	-0.11537	-0.011283	0.36495	-0.05321	0.19128	-0.16916	0.50781	-0.13057	-0.11537	1	0.47855	0.042226	0.30429	-0.11359	0.57391	-0.10228	-0.49688	-0.011283	0.47855	1	0.13939	-0.44128	0.38187	0.028949	0.089271	-0.25423	0.36495	0.042226	0.13939	1	-0.10571	0.2263	-0.044176	0.18187	0.03392	-0.05321	0.30429	-0.44128	-0.10571	1	-0.42573	0.63592	-0.44857	-0.63492	0.19128	-0.11359	0.38187	0.2263	-0.42573	1	-0.39969	0.52932	0.12257	-0.16916	0.57391	0.028949	-0.044176	0.63592	-0.39969	1
