1	-0.046031	0.0078877	0.28342	-0.37156	-0.052269	-0.33373	0.32056	-0.41647	-0.046031	1	-0.38777	-0.51356	0.53199	-0.78734	0.2909	0.049827	0.20237	0.0078877	-0.38777	1	0.44996	-0.71575	-0.018103	0.086607	0.13727	0.47023	0.28342	-0.51356	0.44996	1	-0.34998	0.27193	-0.32148	0.22478	0.28766	-0.37156	0.53199	-0.71575	-0.34998	1	-0.18553	0.085842	-0.12632	0.050723	-0.052269	-0.78734	-0.018103	0.27193	-0.18553	1	-0.15732	-0.32285	-0.31473	-0.33373	0.2909	0.086607	-0.32148	0.085842	-0.15732	1	-0.18945	0.19334	0.32056	0.049827	0.13727	0.22478	-0.12632	-0.32285	-0.18945	1	-0.18546	-0.41647	0.20237	0.47023	0.28766	0.050723	-0.31473	0.19334	-0.18546	1
