1	0.18271	0.035385	-0.090683	0.19744	0.36799	0.10727	0.12663	-0.62977	0.18271	1	0.84214	0.073666	0.55688	-0.44702	-0.20803	-0.2891	0.23453	0.035385	0.84214	1	0.33956	0.77207	-0.43416	-0.057153	-0.46437	0.27256	-0.090683	0.073666	0.33956	1	0.4496	-0.2297	-0.36196	-0.33587	0.092494	0.19744	0.55688	0.77207	0.4496	1	-0.052722	-0.023472	-0.66797	-0.11344	0.36799	-0.44702	-0.43416	-0.2297	-0.052722	1	0.21963	0.25971	-0.66386	0.10727	-0.20803	-0.057153	-0.36196	-0.023472	0.21963	1	-0.24476	-0.12142	0.12663	-0.2891	-0.46437	-0.33587	-0.66797	0.25971	-0.24476	1	-0.3468	-0.62977	0.23453	0.27256	0.092494	-0.11344	-0.66386	-0.12142	-0.3468	1
