1	0.68668	-0.28416	0.714	-0.032893	0.053134	-0.62106	-0.076561	-0.21095	0.68668	1	-0.24516	0.35495	-0.1391	-0.49077	-0.26404	0.014933	0.13942	-0.28416	-0.24516	1	-0.35714	-0.074455	0.24992	-0.052406	-0.28032	-0.12949	0.714	0.35495	-0.35714	1	-0.41198	0.41259	-0.16957	-0.40321	0.074446	-0.032893	-0.1391	-0.074455	-0.41198	1	-0.29879	-0.21417	0.69968	-0.18971	0.053134	-0.49077	0.24992	0.41259	-0.29879	1	-0.14932	-0.33195	-0.20606	-0.62106	-0.26404	-0.052406	-0.16957	-0.21417	-0.14932	1	0.025179	0.62329	-0.076561	0.014933	-0.28032	-0.40321	0.69968	-0.33195	0.025179	1	-0.066948	-0.21095	0.13942	-0.12949	0.074446	-0.18971	-0.20606	0.62329	-0.066948	1
