1	-0.09712	-0.055485	-0.23061	0.16021	0.23513	0.21091	-0.027765	0.10487	-0.09712	1	-0.17551	-0.13143	-0.65427	-0.24451	-0.90698	0.22175	-0.24807	-0.055485	-0.17551	1	0.0079484	0.29798	-0.33626	0.15021	0.2264	0.041828	-0.23061	-0.13143	0.0079484	1	0.66505	-0.20531	0.082346	-0.032416	0.44793	0.16021	-0.65427	0.29798	0.66505	1	0.088294	0.6786	0.050282	0.5718	0.23513	-0.24451	-0.33626	-0.20531	0.088294	1	0.1456	-0.43311	0.49779	0.21091	-0.90698	0.15021	0.082346	0.6786	0.1456	1	0.031385	0.2495	-0.027765	0.22175	0.2264	-0.032416	0.050282	-0.43311	0.031385	1	-0.17852	0.10487	-0.24807	0.041828	0.44793	0.5718	0.49779	0.2495	-0.17852	1
