1	-0.44563	-0.46826	-0.18956	-0.32191	-0.64396	-0.53251	0.099729	0.023631	-0.44563	1	-0.06277	-0.26289	0.17281	0.33275	0.20694	0.12657	-0.3759	-0.46826	-0.06277	1	-0.085745	0.14861	0.22375	0.31511	0.12822	0.082319	-0.18956	-0.26289	-0.085745	1	-0.34568	0.00039102	0.024201	-0.73242	0.44664	-0.32191	0.17281	0.14861	-0.34568	1	0.66763	-0.071155	0.16886	-0.37361	-0.64396	0.33275	0.22375	0.00039102	0.66763	1	0.50241	-0.13843	0.11166	-0.53251	0.20694	0.31511	0.024201	-0.071155	0.50241	1	-0.052294	0.49805	0.099729	0.12657	0.12822	-0.73242	0.16886	-0.13843	-0.052294	1	-0.40452	0.023631	-0.3759	0.082319	0.44664	-0.37361	0.11166	0.49805	-0.40452	1
