1	-0.23416	-0.10869	0.39191	-0.26889	-0.36686	0.077258	-0.06291	-0.37451	-0.23416	1	0.42649	0.36874	-0.14117	0.52211	0.61829	-0.26159	0.13858	-0.10869	0.42649	1	0.079258	-0.13414	0.47511	0.17208	0.29972	-0.30662	0.39191	0.36874	0.079258	1	-0.66108	0.39862	0.20923	0.2053	0.17058	-0.26889	-0.14117	-0.13414	-0.66108	1	-0.22498	0.33158	-0.41978	-0.050892	-0.36686	0.52211	0.47511	0.39862	-0.22498	1	0.35502	0.10846	0.37792	0.077258	0.61829	0.17208	0.20923	0.33158	0.35502	1	-0.3908	-0.034407	-0.06291	-0.26159	0.29972	0.2053	-0.41978	0.10846	-0.3908	1	-0.13115	-0.37451	0.13858	-0.30662	0.17058	-0.050892	0.37792	-0.034407	-0.13115	1
