1	0.12451	-0.29913	0.0011017	-0.38957	-0.61173	0.19422	0.2111	0.58222	0.12451	1	-0.16521	-0.0627	0.2135	0.13464	0.20373	0.0004135	0.02854	-0.29913	-0.16521	1	0.38009	0.71784	0.74228	0.25085	0.091066	-0.18186	0.0011017	-0.0627	0.38009	1	0.21727	0.13935	0.42917	0.52448	-0.46572	-0.38957	0.2135	0.71784	0.21727	1	0.83249	0.018959	0.087814	-0.20216	-0.61173	0.13464	0.74228	0.13935	0.83249	1	0.23532	0.043815	-0.5238	0.19422	0.20373	0.25085	0.42917	0.018959	0.23532	1	0.67941	-0.38993	0.2111	0.0004135	0.091066	0.52448	0.087814	0.043815	0.67941	1	-0.33749	0.58222	0.02854	-0.18186	-0.46572	-0.20216	-0.5238	-0.38993	-0.33749	1
