1	-0.56116	0.044496	0.052	-0.41964	0.3678	0.11563	0.017188	0.68414	-0.56116	1	0.52771	-0.20766	0.20107	-0.12881	-0.61513	-0.2884	-0.85356	0.044496	0.52771	1	-0.37347	0.36411	-0.38617	-0.30034	-0.31345	-0.27212	0.052	-0.20766	-0.37347	1	-0.073035	-0.015748	0.22526	0.64046	0.10041	-0.41964	0.20107	0.36411	-0.073035	1	-0.81396	0.32719	-0.16838	-0.22612	0.3678	-0.12881	-0.38617	-0.015748	-0.81396	1	-0.37474	-0.13462	-0.00082481	0.11563	-0.61513	-0.30034	0.22526	0.32719	-0.37474	1	0.17929	0.64121	0.017188	-0.2884	-0.31345	0.64046	-0.16838	-0.13462	0.17929	1	0.25785	0.68414	-0.85356	-0.27212	0.10041	-0.22612	-0.00082481	0.64121	0.25785	1
