1	-0.48557	-0.32816	0.31883	0.4848	0.01704	-0.085745	0.17596	0.3025	-0.48557	1	0.090031	-0.37939	-0.41478	0.18336	0.14794	0.13477	0.0023886	-0.32816	0.090031	1	-0.2885	-0.28247	0.74111	-0.25504	-0.36592	0.14129	0.31883	-0.37939	-0.2885	1	0.098686	-0.20459	0.19138	0.145	0.12442	0.4848	-0.41478	-0.28247	0.098686	1	-0.14485	-0.10111	0.32745	0.23645	0.01704	0.18336	0.74111	-0.20459	-0.14485	1	-0.47109	-0.42974	0.39228	-0.085745	0.14794	-0.25504	0.19138	-0.10111	-0.47109	1	0.81174	-0.53676	0.17596	0.13477	-0.36592	0.145	0.32745	-0.42974	0.81174	1	-0.31252	0.3025	0.0023886	0.14129	0.12442	0.23645	0.39228	-0.53676	-0.31252	1
