1	-0.36031	0.30506	0.12312	-0.46408	0.31245	-0.083211	0.51119	-0.27858	-0.36031	1	0.34077	0.14481	0.26854	0.27183	-0.30045	-0.29362	0.26292	0.30506	0.34077	1	0.22895	-0.25729	0.72489	0.205	0.31019	0.16743	0.12312	0.14481	0.22895	1	0.23677	0.39114	-0.16418	0.15517	0.37953	-0.46408	0.26854	-0.25729	0.23677	1	-0.45296	-0.27315	-0.75332	0.14349	0.31245	0.27183	0.72489	0.39114	-0.45296	1	0.26177	0.6527	-0.12698	-0.083211	-0.30045	0.205	-0.16418	-0.27315	0.26177	1	0.33207	-0.38466	0.51119	-0.29362	0.31019	0.15517	-0.75332	0.6527	0.33207	1	-0.2658	-0.27858	0.26292	0.16743	0.37953	0.14349	-0.12698	-0.38466	-0.2658	1
