1	0.29753	0.14606	0.19592	0.16871	0.36971	-0.18929	0.088229	0.18772	0.29753	1	-0.086723	-0.39208	0.4096	-0.14619	0.15055	0.1082	-0.024055	0.14606	-0.086723	1	0.21822	-0.15559	0.47815	-0.14266	0.025246	-0.10629	0.19592	-0.39208	0.21822	1	-0.30343	0.29652	-0.12063	0.31792	0.32227	0.16871	0.4096	-0.15559	-0.30343	1	-0.077867	0.016353	-0.36378	0.34399	0.36971	-0.14619	0.47815	0.29652	-0.077867	1	0.060631	-0.12678	-0.0046223	-0.18929	0.15055	-0.14266	-0.12063	0.016353	0.060631	1	0.24842	-0.026998	0.088229	0.1082	0.025246	0.31792	-0.36378	-0.12678	0.24842	1	0.40471	0.18772	-0.024055	-0.10629	0.32227	0.34399	-0.0046223	-0.026998	0.40471	1
