1	0.387	-0.72625	0.21948	-0.29937	0.20004	-0.13006	0.06791	0.23862	0.387	1	-0.23571	0.10872	0.30467	0.019894	-0.5492	0.0056279	0.21652	-0.72625	-0.23571	1	-0.027955	0.5263	-0.50532	0.31554	-0.096543	-0.17957	0.21948	0.10872	-0.027955	1	-0.13177	-0.14988	-0.054567	-0.55154	-0.39655	-0.29937	0.30467	0.5263	-0.13177	1	-0.28269	-0.052411	-0.0082167	-0.18317	0.20004	0.019894	-0.50532	-0.14988	-0.28269	1	0.018424	-0.036583	0.1284	-0.13006	-0.5492	0.31554	-0.054567	-0.052411	0.018424	1	-0.31178	0.28898	0.06791	0.0056279	-0.096543	-0.55154	-0.0082167	-0.036583	-0.31178	1	0.12592	0.23862	0.21652	-0.17957	-0.39655	-0.18317	0.1284	0.28898	0.12592	1
