1	0.59443	-0.37554	0.59452	-0.68818	-0.2616	-0.17379	-0.62523	0.13953	0.59443	1	-0.33228	0.13166	-0.7642	-0.025252	-0.38038	-0.38815	-0.096474	-0.37554	-0.33228	1	0.33213	0.40072	-0.1459	0.70603	0.29875	0.26232	0.59452	0.13166	0.33213	1	-0.26876	-0.372	0.5423	-0.4053	0.43929	-0.68818	-0.7642	0.40072	-0.26876	1	0.5594	0.12133	0.42735	0.096865	-0.2616	-0.025252	-0.1459	-0.372	0.5594	1	-0.53592	-0.096571	-0.033692	-0.17379	-0.38038	0.70603	0.5423	0.12133	-0.53592	1	0.14353	0.52464	-0.62523	-0.38815	0.29875	-0.4053	0.42735	-0.096571	0.14353	1	-0.47076	0.13953	-0.096474	0.26232	0.43929	0.096865	-0.033692	0.52464	-0.47076	1
