1	0.55588	-0.1738	0.47577	-0.14778	-0.41942	0.46709	0.3651	-0.61028	0.55588	1	-0.094055	0.20209	0.40881	-0.10968	0.19023	0.66385	-0.26406	-0.1738	-0.094055	1	0.216	0.68631	-0.21823	0.58952	0.069181	0.0019559	0.47577	0.20209	0.216	1	0.30993	-0.064421	0.40024	0.19848	-0.37542	-0.14778	0.40881	0.68631	0.30993	1	-0.018623	0.30825	0.35855	0.23928	-0.41942	-0.10968	-0.21823	-0.064421	-0.018623	1	-0.49195	0.16015	0.051608	0.46709	0.19023	0.58952	0.40024	0.30825	-0.49195	1	0.13389	-0.32276	0.3651	0.66385	0.069181	0.19848	0.35855	0.16015	0.13389	1	-0.2917	-0.61028	-0.26406	0.0019559	-0.37542	0.23928	0.051608	-0.32276	-0.2917	1
