1	0.60703	0.83155	0.73417	-0.78832	0.60597	0.53534	0.39182	-0.047349	0.60703	1	0.40132	0.39296	-0.41235	0.40847	0.11339	0.054586	0.021755	0.83155	0.40132	1	0.88063	-0.57222	0.67463	0.58311	0.79102	0.23221	0.73417	0.39296	0.88063	1	-0.35823	0.78977	0.46539	0.80426	0.5525	-0.78832	-0.41235	-0.57222	-0.35823	1	-0.44389	-0.27454	-0.034419	0.38629	0.60597	0.40847	0.67463	0.78977	-0.44389	1	0.049167	0.50986	0.61849	0.53534	0.11339	0.58311	0.46539	-0.27454	0.049167	1	0.56651	-0.15986	0.39182	0.054586	0.79102	0.80426	-0.034419	0.50986	0.56651	1	0.55472	-0.047349	0.021755	0.23221	0.5525	0.38629	0.61849	-0.15986	0.55472	1
