1	0.79264	0.51057	0.23386	-0.059075	0.11001	-0.15389	-0.25609	0.11619	0.79264	1	0.35662	0.20843	-0.12785	0.14844	-0.16713	-0.23492	-0.083798	0.51057	0.35662	1	0.89213	-0.42614	0.48522	-0.089284	-0.61593	-0.2223	0.23386	0.20843	0.89213	1	-0.61364	0.67186	-0.20059	-0.58075	-0.45389	-0.059075	-0.12785	-0.42614	-0.61364	1	-0.65178	0.52201	-0.0699	0.66318	0.11001	0.14844	0.48522	0.67186	-0.65178	1	0.12193	-0.069868	-0.27688	-0.15389	-0.16713	-0.089284	-0.20059	0.52201	0.12193	1	0.01769	0.64181	-0.25609	-0.23492	-0.61593	-0.58075	-0.0699	-0.069868	0.01769	1	0.38639	0.11619	-0.083798	-0.2223	-0.45389	0.66318	-0.27688	0.64181	0.38639	1
