1	0.77535	0.63134	0.50675	-0.26114	0.81112	0.57847	0.5519	0.67095	0.77535	1	0.2979	0.3313	-0.29629	0.44924	0.29129	0.43613	0.25381	0.63134	0.2979	1	0.66754	-0.38886	0.69116	0.56814	0.49341	0.45506	0.50675	0.3313	0.66754	1	0.062081	0.70396	0.74006	0.73571	0.46814	-0.26114	-0.29629	-0.38886	0.062081	1	-0.18804	-0.074673	-0.055745	0.11793	0.81112	0.44924	0.69116	0.70396	-0.18804	1	0.89995	0.80932	0.86307	0.57847	0.29129	0.56814	0.74006	-0.074673	0.89995	1	0.93422	0.76353	0.5519	0.43613	0.49341	0.73571	-0.055745	0.80932	0.93422	1	0.67673	0.67095	0.25381	0.45506	0.46814	0.11793	0.86307	0.76353	0.67673	1
