1	0.19	0.23969	0.03457	0.14512	0.1729	0.41356	0.35398	-0.11973	0.19	1	0.71223	0.57688	0.45693	0.27857	0.52732	0.34444	0.65392	0.23969	0.71223	1	0.59702	0.074045	0.27769	0.14016	0.077014	0.46608	0.03457	0.57688	0.59702	1	0.67589	0.52713	0.36139	0.54125	0.77275	0.14512	0.45693	0.074045	0.67589	1	0.59427	0.54524	0.78315	0.72293	0.1729	0.27857	0.27769	0.52713	0.59427	1	0.31605	0.41702	0.68597	0.41356	0.52732	0.14016	0.36139	0.54524	0.31605	1	0.6275	0.25112	0.35398	0.34444	0.077014	0.54125	0.78315	0.41702	0.6275	1	0.40546	-0.11973	0.65392	0.46608	0.77275	0.72293	0.68597	0.25112	0.40546	1
