1	-0.10482	0.29853	-0.050538	0.13307	0.21664	-0.61637	0.17749	-0.09392	-0.10482	1	0.46205	-0.24141	-0.67985	0.41131	0.2998	-0.073332	0.065666	0.29853	0.46205	1	-0.26959	-0.30063	0.30805	-0.024287	0.20358	0.37363	-0.050538	-0.24141	-0.26959	1	0.58855	-0.40482	-0.36815	-0.32733	0.4637	0.13307	-0.67985	-0.30063	0.58855	1	-0.50081	-0.25343	0.10479	0.16653	0.21664	0.41131	0.30805	-0.40482	-0.50081	1	0.15674	-0.12703	0.17425	-0.61637	0.2998	-0.024287	-0.36815	-0.25343	0.15674	1	-0.0025206	-0.12892	0.17749	-0.073332	0.20358	-0.32733	0.10479	-0.12703	-0.0025206	1	-0.42788	-0.09392	0.065666	0.37363	0.4637	0.16653	0.17425	-0.12892	-0.42788	1
