1	0.20906	0.40268	0.27374	0.058318	0.42714	-0.18562	0.16153	-0.61573	0.20906	1	0.26084	0.054837	0.28143	0.33349	0.0043443	-0.18829	0.35098	0.40268	0.26084	1	0.31418	0.27731	0.37424	-0.44052	0.13193	-0.43297	0.27374	0.054837	0.31418	1	-0.1111	0.43342	0.34691	0.27692	-0.16852	0.058318	0.28143	0.27731	-0.1111	1	-0.034362	-0.17663	0.24103	0.097118	0.42714	0.33349	0.37424	0.43342	-0.034362	1	0.37808	0.69932	-0.32302	-0.18562	0.0043443	-0.44052	0.34691	-0.17663	0.37808	1	0.4957	0.28596	0.16153	-0.18829	0.13193	0.27692	0.24103	0.69932	0.4957	1	-0.30824	-0.61573	0.35098	-0.43297	-0.16852	0.097118	-0.32302	0.28596	-0.30824	1
