1	-0.093474	0.22598	0.62147	-0.12185	0.25759	0.090213	0.049927	-0.085254	-0.093474	1	-0.079555	-0.19339	0.0098283	0.13178	0.55214	0.15138	-0.651	0.22598	-0.079555	1	-0.05914	-0.25742	-0.064228	-0.27697	0.28534	-0.16041	0.62147	-0.19339	-0.05914	1	0.0040572	0.60922	-0.14434	0.25956	-0.045265	-0.12185	0.0098283	-0.25742	0.0040572	1	-0.045624	-0.054568	0.59253	-0.24738	0.25759	0.13178	-0.064228	0.60922	-0.045624	1	-0.30968	0.39181	-0.34707	0.090213	0.55214	-0.27697	-0.14434	-0.054568	-0.30968	1	-0.37196	-0.05684	0.049927	0.15138	0.28534	0.25956	0.59253	0.39181	-0.37196	1	-0.70823	-0.085254	-0.651	-0.16041	-0.045265	-0.24738	-0.34707	-0.05684	-0.70823	1
