1	-0.0018661	-0.46441	-0.64765	-0.097054	0.42475	-0.19332	-0.63571	-0.54376	-0.0018661	1	0.00886	0.3422	-0.22282	0.02925	-0.50711	-0.45523	-0.4529	-0.46441	0.00886	1	0.3621	0.53102	-0.48883	0.17668	0.056427	0.022614	-0.64765	0.3422	0.3621	1	0.0050497	-0.28684	-0.36176	0.4486	0.22096	-0.097054	-0.22282	0.53102	0.0050497	1	-0.47948	0.17605	-0.0035609	0.38362	0.42475	0.02925	-0.48883	-0.28684	-0.47948	1	-0.1036	-0.47407	-0.091136	-0.19332	-0.50711	0.17668	-0.36176	0.17605	-0.1036	1	0.17914	0.17312	-0.63571	-0.45523	0.056427	0.4486	-0.0035609	-0.47407	0.17914	1	0.48706	-0.54376	-0.4529	0.022614	0.22096	0.38362	-0.091136	0.17312	0.48706	1
