1	0.19799	-0.027594	0.18918	0.034511	-0.23684	-0.28542	0.2476	-0.44433	0.19799	1	0.054448	0.28714	0.6244	0.40141	-0.011742	0.75008	-0.67315	-0.027594	0.054448	1	-0.62912	0.19079	-0.34144	-0.22118	0.11566	-0.38732	0.18918	0.28714	-0.62912	1	0.22893	0.37329	0.36053	0.25853	-0.13843	0.034511	0.6244	0.19079	0.22893	1	0.49555	0.54184	0.43011	-0.59786	-0.23684	0.40141	-0.34144	0.37329	0.49555	1	0.32841	0.20709	-0.016809	-0.28542	-0.011742	-0.22118	0.36053	0.54184	0.32841	1	-0.28713	-0.16093	0.2476	0.75008	0.11566	0.25853	0.43011	0.20709	-0.28713	1	-0.53242	-0.44433	-0.67315	-0.38732	-0.13843	-0.59786	-0.016809	-0.16093	-0.53242	1
