1	0.2701	0.24639	0.45687	-0.40853	-0.55778	0.32166	0.043308	0.035185	0.2701	1	-0.0035269	-0.092243	0.0080837	0.016447	-0.051304	0.14891	0.093555	0.24639	-0.0035269	1	0.5434	-0.37039	-0.045063	0.25803	0.48601	-0.70374	0.45687	-0.092243	0.5434	1	-0.69504	-0.54493	0.31092	0.16715	-0.12244	-0.40853	0.0080837	-0.37039	-0.69504	1	0.27579	0.11868	-0.37105	-0.050323	-0.55778	0.016447	-0.045063	-0.54493	0.27579	1	-0.38976	-0.16557	-0.21035	0.32166	-0.051304	0.25803	0.31092	0.11868	-0.38976	1	-0.19853	-0.16961	0.043308	0.14891	0.48601	0.16715	-0.37105	-0.16557	-0.19853	1	-0.48959	0.035185	0.093555	-0.70374	-0.12244	-0.050323	-0.21035	-0.16961	-0.48959	1
