1	-0.4911	0.095699	0.16245	-0.27953	0.32445	0.29037	-0.014861	0.10743	-0.4911	1	0.62687	-0.71363	-0.176	-0.3678	0.035815	0.35068	0.45003	0.095699	0.62687	1	-0.65549	-0.13985	0.13288	0.46628	0.23786	0.77436	0.16245	-0.71363	-0.65549	1	0.23168	0.070982	-0.54132	-0.57839	-0.67457	-0.27953	-0.176	-0.13985	0.23168	1	0.41038	-0.25254	-0.32235	-0.4115	0.32445	-0.3678	0.13288	0.070982	0.41038	1	0.13766	-0.054298	-0.013206	0.29037	0.035815	0.46628	-0.54132	-0.25254	0.13766	1	0.17319	0.58651	-0.014861	0.35068	0.23786	-0.57839	-0.32235	-0.054298	0.17319	1	0.42486	0.10743	0.45003	0.77436	-0.67457	-0.4115	-0.013206	0.58651	0.42486	1
