1	0.18075	0.33391	0.0062655	-0.0081064	0.10568	-0.43304	-0.45501	-0.76807	0.18075	1	0.14979	0.24851	-0.048607	0.37985	-0.25012	0.41386	-0.11577	0.33391	0.14979	1	0.011477	0.017903	-0.40172	-0.43944	0.11266	-0.10184	0.0062655	0.24851	0.011477	1	-0.61915	0.24518	-0.19027	-0.04868	-0.14705	-0.0081064	-0.048607	0.017903	-0.61915	1	-0.30813	0.35271	-0.12423	0.17257	0.10568	0.37985	-0.40172	0.24518	-0.30813	1	0.16671	-0.026163	-0.081174	-0.43304	-0.25012	-0.43944	-0.19027	0.35271	0.16671	1	0.092977	0.6997	-0.45501	0.41386	0.11266	-0.04868	-0.12423	-0.026163	0.092977	1	0.53001	-0.76807	-0.11577	-0.10184	-0.14705	0.17257	-0.081174	0.6997	0.53001	1
