1	0.78409	0.19745	0.20664	0.036752	-0.41176	0.3606	0.55337	0.017473	0.78409	1	0.1057	0.15051	-0.034166	-0.034395	0.25789	0.62058	-0.096589	0.19745	0.1057	1	-0.27728	0.21178	0.21615	-0.29913	0.0042831	0.11009	0.20664	0.15051	-0.27728	1	-0.095413	-0.36264	0.37208	-0.32275	-0.74976	0.036752	-0.034166	0.21178	-0.095413	1	-0.39558	-0.19524	0.0086322	-0.29258	-0.41176	-0.034395	0.21615	-0.36264	-0.39558	1	-0.39039	-0.1104	0.090918	0.3606	0.25789	-0.29913	0.37208	-0.19524	-0.39039	1	0.11709	-0.03649	0.55337	0.62058	0.0042831	-0.32275	0.0086322	-0.1104	0.11709	1	0.48596	0.017473	-0.096589	0.11009	-0.74976	-0.29258	0.090918	-0.03649	0.48596	1
