1	0.037515	-0.26332	0.23747	-0.032792	0.51488	0.1663	-0.52914	-0.52252	0.037515	1	-0.15145	-0.038865	0.16723	-0.43108	-0.65623	0.20095	0.44433	-0.26332	-0.15145	1	-0.3308	-0.2283	-0.20438	-0.43162	0.3426	-0.15475	0.23747	-0.038865	-0.3308	1	-0.62629	-0.21291	0.31821	-0.32502	-0.13415	-0.032792	0.16723	-0.2283	-0.62629	1	0.19337	-0.16626	-0.055958	0.073483	0.51488	-0.43108	-0.20438	-0.21291	0.19337	1	0.36852	-0.44367	-0.21483	0.1663	-0.65623	-0.43162	0.31821	-0.16626	0.36852	1	-0.21775	-0.23151	-0.52914	0.20095	0.3426	-0.32502	-0.055958	-0.44367	-0.21775	1	0.42628	-0.52252	0.44433	-0.15475	-0.13415	0.073483	-0.21483	-0.23151	0.42628	1
