1	0.80887	0.031956	0.62476	-0.14508	-0.45558	0.14362	0.1375	0.26393	0.80887	1	-0.098329	0.30995	-0.12796	-0.2484	0.31446	-0.040623	0.40722	0.031956	-0.098329	1	0.37442	-0.4026	-0.1854	-0.13718	0.24882	0.11064	0.62476	0.30995	0.37442	1	-0.44636	-0.34006	-0.23918	0.42829	0.52657	-0.14508	-0.12796	-0.4026	-0.44636	1	0.72327	0.050216	-0.32654	-0.023528	-0.45558	-0.2484	-0.1854	-0.34006	0.72327	1	0.010074	-0.30701	0.33872	0.14362	0.31446	-0.13718	-0.23918	0.050216	0.010074	1	-0.35747	-0.053394	0.1375	-0.040623	0.24882	0.42829	-0.32654	-0.30701	-0.35747	1	0.39514	0.26393	0.40722	0.11064	0.52657	-0.023528	0.33872	-0.053394	0.39514	1
