1	0.16571	0.7807	-0.033866	-0.70328	0.076702	-0.66584	-0.37927	-0.20979	0.16571	1	-0.11719	-0.14406	-0.37565	-0.46067	0.076384	0.1518	-0.48257	0.7807	-0.11719	1	-0.19071	-0.67679	0.13206	-0.53342	-0.3515	-0.04683	-0.033866	-0.14406	-0.19071	1	-0.0017521	0.17944	-0.52095	-0.55894	0.67091	-0.70328	-0.37565	-0.67679	-0.0017521	1	-0.013743	0.49791	0.4698	0.1925	0.076702	-0.46067	0.13206	0.17944	-0.013743	1	-0.29477	-0.0032153	-0.01237	-0.66584	0.076384	-0.53342	-0.52095	0.49791	-0.29477	1	0.59909	-0.1618	-0.37927	0.1518	-0.3515	-0.55894	0.4698	-0.0032153	0.59909	1	-0.52177	-0.20979	-0.48257	-0.04683	0.67091	0.1925	-0.01237	-0.1618	-0.52177	1
