1	-0.18585	-0.10363	0.47095	0.36502	-0.12784	0.57411	0.061773	-0.39256	-0.18585	1	0.30481	-0.30124	0.071851	0.40088	-0.11801	-0.26541	-0.054795	-0.10363	0.30481	1	0.21083	-0.37624	-0.39944	-0.47685	0.099146	0.19716	0.47095	-0.30124	0.21083	1	-0.31335	-0.30867	0.065871	0.037429	0.0062172	0.36502	0.071851	-0.37624	-0.31335	1	0.17293	0.56354	0.15151	-0.75249	-0.12784	0.40088	-0.39944	-0.30867	0.17293	1	0.14985	-0.68285	-0.15331	0.57411	-0.11801	-0.47685	0.065871	0.56354	0.14985	1	0.34409	-0.43881	0.061773	-0.26541	0.099146	0.037429	0.15151	-0.68285	0.34409	1	-0.096503	-0.39256	-0.054795	0.19716	0.0062172	-0.75249	-0.15331	-0.43881	-0.096503	1
