1	-0.1295	-0.093456	0.031777	-0.086252	0.1763	0.40089	0.42556	-0.067138	-0.1295	1	0.15013	-0.22145	-0.13881	-0.50425	0.29421	-0.43437	-0.87483	-0.093456	0.15013	1	0.35921	-0.24545	0.15352	0.72055	-0.3217	-0.18166	0.031777	-0.22145	0.35921	1	0.075401	0.15352	0.10279	-0.11333	0.23866	-0.086252	-0.13881	-0.24545	0.075401	1	0.044967	-0.274	0.2799	0.25565	0.1763	-0.50425	0.15352	0.15352	0.044967	1	0.010007	0.13661	0.43048	0.40089	0.29421	0.72055	0.10279	-0.274	0.010007	1	-0.31492	-0.47009	0.42556	-0.43437	-0.3217	-0.11333	0.2799	0.13661	-0.31492	1	0.53611	-0.067138	-0.87483	-0.18166	0.23866	0.25565	0.43048	-0.47009	0.53611	1
