1	0.11074	0.43437	0.51704	0.3035	-0.072694	-0.61877	-0.252	-0.48639	0.11074	1	-0.07037	0.00036798	0.010939	-0.052505	-0.091689	0.16287	0.050661	0.43437	-0.07037	1	-0.054037	0.30866	-0.18841	-0.17429	0.46259	-0.32129	0.51704	0.00036798	-0.054037	1	-0.10366	0.024648	-0.57709	-0.41069	-0.42806	0.3035	0.010939	0.30866	-0.10366	1	-0.10626	0.0059505	-0.22322	0.16599	-0.072694	-0.052505	-0.18841	0.024648	-0.10626	1	-0.17981	-0.18764	0.57244	-0.61877	-0.091689	-0.17429	-0.57709	0.0059505	-0.17981	1	0.25131	0.07084	-0.252	0.16287	0.46259	-0.41069	-0.22322	-0.18764	0.25131	1	0.065556	-0.48639	0.050661	-0.32129	-0.42806	0.16599	0.57244	0.07084	0.065556	1
