1	0.36982	-0.09245	-0.52196	0.30262	-0.58493	0.33234	-0.19109	-0.3848	0.36982	1	0.31733	-0.083354	0.015582	-0.2493	-0.34618	-0.21089	-0.58874	-0.09245	0.31733	1	0.31443	0.18019	0.15453	-0.093382	0.047299	-0.27063	-0.52196	-0.083354	0.31443	1	-0.12848	0.77634	-0.43467	0.48184	-0.028146	0.30262	0.015582	0.18019	-0.12848	1	-0.016356	0.3262	-0.48942	0.44981	-0.58493	-0.2493	0.15453	0.77634	-0.016356	1	-0.54389	0.45448	0.043247	0.33234	-0.34618	-0.093382	-0.43467	0.3262	-0.54389	1	-0.35908	0.36939	-0.19109	-0.21089	0.047299	0.48184	-0.48942	0.45448	-0.35908	1	-0.3796	-0.3848	-0.58874	-0.27063	-0.028146	0.44981	0.043247	0.36939	-0.3796	1
