1	-0.21436	-0.26152	-0.64229	-0.10795	0.026954	0.3011	-0.21896	-0.28172	-0.21436	1	0.34137	0.14025	0.22394	-0.43424	-0.012894	-0.08332	-0.3305	-0.26152	0.34137	1	-0.23434	0.54013	-0.12682	0.29873	0.4388	-0.10954	-0.64229	0.14025	-0.23434	1	-0.16843	-0.073787	-0.32807	0.12413	0.26646	-0.10795	0.22394	0.54013	-0.16843	1	-0.05724	0.16027	0.50068	-0.096057	0.026954	-0.43424	-0.12682	-0.073787	-0.05724	1	-0.27169	-0.078858	0.77362	0.3011	-0.012894	0.29873	-0.32807	0.16027	-0.27169	1	0.37487	-0.58292	-0.21896	-0.08332	0.4388	0.12413	0.50068	-0.078858	0.37487	1	0.1133	-0.28172	-0.3305	-0.10954	0.26646	-0.096057	0.77362	-0.58292	0.1133	1
