1	-0.19647	-0.18699	-0.27278	0.15286	0.49773	-0.25619	0.58154	-0.39737	-0.19647	1	0.60404	0.35291	-0.26476	-0.54719	-0.39238	0.15389	0.43193	-0.18699	0.60404	1	0.16766	-0.17009	-0.29304	-0.454	-0.17594	0.54914	-0.27278	0.35291	0.16766	1	-0.54474	-0.37165	0.33437	-0.11653	0.72078	0.15286	-0.26476	-0.17009	-0.54474	1	0.0033312	0.24348	-0.26577	-0.6084	0.49773	-0.54719	-0.29304	-0.37165	0.0033312	1	-0.3856	0.42276	-0.11838	-0.25619	-0.39238	-0.454	0.33437	0.24348	-0.3856	1	-0.48754	-0.22733	0.58154	0.15389	-0.17594	-0.11653	-0.26577	0.42276	-0.48754	1	-0.18641	-0.39737	0.43193	0.54914	0.72078	-0.6084	-0.11838	-0.22733	-0.18641	1
