1	0.053176	0.099194	0.50478	-0.097918	0.39977	0.022896	0.26784	0.21929	0.053176	1	0.59549	0.28743	0.13227	-0.41631	-0.085645	-0.047574	-0.2385	0.099194	0.59549	1	-0.13819	0.31809	-0.20782	-0.010088	-0.14223	0.27261	0.50478	0.28743	-0.13819	1	0.24542	0.19095	0.19207	0.22225	0.038912	-0.097918	0.13227	0.31809	0.24542	1	0.31761	-0.096299	-0.17961	0.18353	0.39977	-0.41631	-0.20782	0.19095	0.31761	1	-0.40269	-0.25335	0.4968	0.022896	-0.085645	-0.010088	0.19207	-0.096299	-0.40269	1	0.19576	0.19344	0.26784	-0.047574	-0.14223	0.22225	-0.17961	-0.25335	0.19576	1	-0.5636	0.21929	-0.2385	0.27261	0.038912	0.18353	0.4968	0.19344	-0.5636	1
