1	0.42238	-0.073183	-0.010107	0.31136	-0.39317	-0.0023066	0.62189	-0.10203	0.42238	1	0.045396	-0.38946	-0.0080696	0.16476	0.1259	0.18084	0.16458	-0.073183	0.045396	1	-0.29023	-0.65964	0.14447	-0.055239	0.19166	0.68911	-0.010107	-0.38946	-0.29023	1	-0.055257	0.0074121	-0.2841	0.004599	0.03504	0.31136	-0.0080696	-0.65964	-0.055257	1	-0.031456	0.37485	-0.1587	-0.84048	-0.39317	0.16476	0.14447	0.0074121	-0.031456	1	0.20684	-0.61839	0.0013765	-0.0023066	0.1259	-0.055239	-0.2841	0.37485	0.20684	1	-0.35671	-0.48642	0.62189	0.18084	0.19166	0.004599	-0.1587	-0.61839	-0.35671	1	0.46566	-0.10203	0.16458	0.68911	0.03504	-0.84048	0.0013765	-0.48642	0.46566	1
