1	-0.22047	-0.4342	-0.15515	-0.24542	0.14538	0.51063	0.66788	-0.51059	-0.22047	1	-0.097274	-0.11569	0.19262	-0.24458	-0.014864	-0.13369	0.32358	-0.4342	-0.097274	1	0.42194	0.37419	0.49795	-0.6229	-0.084754	0.28797	-0.15515	-0.11569	0.42194	1	0.20209	-0.14852	-0.40371	0.049896	0.09415	-0.24542	0.19262	0.37419	0.20209	1	-0.10904	0.12665	0.086335	0.7576	0.14538	-0.24458	0.49795	-0.14852	-0.10904	1	-0.3039	0.26925	-0.32986	0.51063	-0.014864	-0.6229	-0.40371	0.12665	-0.3039	1	0.10213	0.17635	0.66788	-0.13369	-0.084754	0.049896	0.086335	0.26925	0.10213	1	-0.47408	-0.51059	0.32358	0.28797	0.09415	0.7576	-0.32986	0.17635	-0.47408	1
