1	-0.491	0.18733	0.16218	-0.61376	0.18116	0.10225	0.0029734	-0.047343	-0.491	1	0.31527	0.0075381	0.035437	-0.26205	-0.22304	-0.14076	-0.33452	0.18733	0.31527	1	0.17143	0.1097	-0.56017	0.46076	0.24252	-0.38022	0.16218	0.0075381	0.17143	1	0.12377	0.19612	0.27745	-0.23611	-0.73485	-0.61376	0.035437	0.1097	0.12377	1	-0.27485	0.30721	0.41176	0.047432	0.18116	-0.26205	-0.56017	0.19612	-0.27485	1	0.092358	-0.53487	-0.12377	0.10225	-0.22304	0.46076	0.27745	0.30721	0.092358	1	0.050059	-0.35867	0.0029734	-0.14076	0.24252	-0.23611	0.41176	-0.53487	0.050059	1	0.54725	-0.047343	-0.33452	-0.38022	-0.73485	0.047432	-0.12377	-0.35867	0.54725	1
