1	0.54326	-0.12916	0.049634	0.5815	0.15307	-0.19146	0.48177	-0.08869	0.54326	1	-0.22654	-0.12395	-0.036973	0.56664	-0.084265	0.33573	-0.020753	-0.12916	-0.22654	1	-0.46527	-0.16253	-0.27357	-0.43317	-0.51983	0.53571	0.049634	-0.12395	-0.46527	1	0.02119	-0.12019	-0.17016	0.48208	-0.087011	0.5815	-0.036973	-0.16253	0.02119	1	-0.41282	-0.080458	0.10976	-0.66022	0.15307	0.56664	-0.27357	-0.12019	-0.41282	1	0.26035	0.13634	0.25722	-0.19146	-0.084265	-0.43317	-0.17016	-0.080458	0.26035	1	0.16001	-0.10482	0.48177	0.33573	-0.51983	0.48208	0.10976	0.13634	0.16001	1	0.088857	-0.08869	-0.020753	0.53571	-0.087011	-0.66022	0.25722	-0.10482	0.088857	1
