1	0.18372	-0.15519	-0.37796	0.25251	-0.062292	0.51562	0.38007	0.20122	0.18372	1	0.12852	0.24487	-0.14978	-0.3775	0.08767	0.24628	-0.42956	-0.15519	0.12852	1	0.24722	0.16848	0.044677	0.29544	0.15523	-0.28887	-0.37796	0.24487	0.24722	1	0.24394	-0.060095	0.22228	0.14161	-0.57024	0.25251	-0.14978	0.16848	0.24394	1	0.23484	0.24926	0.35561	0.1792	-0.062292	-0.3775	0.044677	-0.060095	0.23484	1	-0.40532	-0.34389	0.6743	0.51562	0.08767	0.29544	0.22228	0.24926	-0.40532	1	0.59578	-0.41054	0.38007	0.24628	0.15523	0.14161	0.35561	-0.34389	0.59578	1	-0.088583	0.20122	-0.42956	-0.28887	-0.57024	0.1792	0.6743	-0.41054	-0.088583	1
