1	0.047682	-0.16547	-0.20088	0.46174	0.1132	0.40934	0.34613	-0.37756	0.047682	1	-0.54264	0.39109	-0.039868	-0.30153	0.28151	0.43425	-0.079125	-0.16547	-0.54264	1	0.19049	-0.093285	0.44731	-0.31512	-0.52049	0.33804	-0.20088	0.39109	0.19049	1	-0.23452	-0.40446	-0.191	0.05122	0.00255	0.46174	-0.039868	-0.093285	-0.23452	1	0.53922	0.34841	-0.20294	0.14933	0.1132	-0.30153	0.44731	-0.40446	0.53922	1	0.23591	-0.60085	0.37101	0.40934	0.28151	-0.31512	-0.191	0.34841	0.23591	1	0.085367	-0.28046	0.34613	0.43425	-0.52049	0.05122	-0.20294	-0.60085	0.085367	1	-0.28141	-0.37756	-0.079125	0.33804	0.00255	0.14933	0.37101	-0.28046	-0.28141	1
