1	0.10898	0.016215	-0.31895	0.29361	-0.088252	0.34305	-0.1411	-0.13127	0.10898	1	0.080333	-0.64743	0.47389	-0.23359	0.034503	-0.28654	-0.08505	0.016215	0.080333	1	0.18906	0.10835	0.077257	-0.21566	-0.39224	-0.76274	-0.31895	-0.64743	0.18906	1	-0.45187	0.33653	-0.21409	0.50702	-0.28141	0.29361	0.47389	0.10835	-0.45187	1	0.19191	0.46114	-0.47027	0.24958	-0.088252	-0.23359	0.077257	0.33653	0.19191	1	-0.32203	0.034001	-0.11802	0.34305	0.034503	-0.21566	-0.21409	0.46114	-0.32203	1	-0.053918	0.49046	-0.1411	-0.28654	-0.39224	0.50702	-0.47027	0.034001	-0.053918	1	0.076611	-0.13127	-0.08505	-0.76274	-0.28141	0.24958	-0.11802	0.49046	0.076611	1
