1	-0.59656	0.43443	-0.47191	0.23307	-0.26222	0.11194	-0.14875	0.44911	-0.59656	1	-0.4425	0.38432	-0.83441	0.32365	-0.52175	0.60093	-0.73063	0.43443	-0.4425	1	-0.28527	0.36114	-0.35028	0.13504	-0.033411	0.61311	-0.47191	0.38432	-0.28527	1	-0.3752	-0.186	0.32112	0.47099	-0.43559	0.23307	-0.83441	0.36114	-0.3752	1	-0.021376	0.41048	-0.67679	0.65267	-0.26222	0.32365	-0.35028	-0.186	-0.021376	1	-0.69278	-0.011142	-0.086331	0.11194	-0.52175	0.13504	0.32112	0.41048	-0.69278	1	-0.12271	0.055757	-0.14875	0.60093	-0.033411	0.47099	-0.67679	-0.011142	-0.12271	1	-0.65279	0.44911	-0.73063	0.61311	-0.43559	0.65267	-0.086331	0.055757	-0.65279	1
