1	-0.044141	0.28462	0.051233	-0.3895	-0.2848	0.18777	-0.37817	0.10337	-0.044141	1	-0.033105	0.43426	0.43231	0.2834	-0.22704	-0.037722	-0.012275	0.28462	-0.033105	1	-0.26992	-0.0237	-0.60148	-0.35105	-0.47816	-0.4719	0.051233	0.43426	-0.26992	1	-0.25175	0.69524	0.44797	0.55636	0.37693	-0.3895	0.43231	-0.0237	-0.25175	1	0.1125	-0.40198	-0.24532	-0.44175	-0.2848	0.2834	-0.60148	0.69524	0.1125	1	0.29593	0.73207	0.30646	0.18777	-0.22704	-0.35105	0.44797	-0.40198	0.29593	1	0.52943	0.22545	-0.37817	-0.037722	-0.47816	0.55636	-0.24532	0.73207	0.52943	1	0.21348	0.10337	-0.012275	-0.4719	0.37693	-0.44175	0.30646	0.22545	0.21348	1
