1	0.37355	-0.020203	0.009593	0.73501	0.2048	0.021341	-0.094013	-0.009234	0.37355	1	-0.31631	-0.31214	0.41869	-0.047104	-0.16072	0.40496	-0.16304	-0.020203	-0.31631	1	0.28846	-0.2221	0.037965	0.099451	-0.093197	0.34434	0.009593	-0.31214	0.28846	1	-0.034954	0.33703	0.68819	-0.50628	-0.22815	0.73501	0.41869	-0.2221	-0.034954	1	0.28194	-0.044912	0.063958	0.077283	0.2048	-0.047104	0.037965	0.33703	0.28194	1	0.45891	0.012255	-0.48986	0.021341	-0.16072	0.099451	0.68819	-0.044912	0.45891	1	-0.58654	-0.27614	-0.094013	0.40496	-0.093197	-0.50628	0.063958	0.012255	-0.58654	1	0.084648	-0.009234	-0.16304	0.34434	-0.22815	0.077283	-0.48986	-0.27614	0.084648	1
