1	-0.22793	-0.17168	0.42034	0.76301	0.10013	-0.08487	0.27147	-0.1287	-0.22793	1	-0.036576	-0.011092	0.018357	-0.36865	-0.30834	-0.062779	0.41075	-0.17168	-0.036576	1	0.16501	-0.020075	0.037628	-0.15764	-0.032079	-0.0035648	0.42034	-0.011092	0.16501	1	0.27392	-0.2991	0.11102	-0.18401	-0.44101	0.76301	0.018357	-0.020075	0.27392	1	0.40404	-0.32602	0.62933	-0.26829	0.10013	-0.36865	0.037628	-0.2991	0.40404	1	0.12636	0.62097	-0.072481	-0.08487	-0.30834	-0.15764	0.11102	-0.32602	0.12636	1	-0.38306	0.1549	0.27147	-0.062779	-0.032079	-0.18401	0.62933	0.62097	-0.38306	1	-0.23426	-0.1287	0.41075	-0.0035648	-0.44101	-0.26829	-0.072481	0.1549	-0.23426	1
