1	0.63057	0.058108	-0.30494	0.1186	-0.24755	0.26895	0.13381	-0.33709	0.63057	1	-0.29045	-0.23298	0.46888	-0.16878	0.079703	0.062907	0.015548	0.058108	-0.29045	1	0.22182	0.36771	-0.23883	-0.49737	0.44762	-0.50132	-0.30494	-0.23298	0.22182	1	0.19458	-0.29439	-0.068989	0.074483	-0.087597	0.1186	0.46888	0.36771	0.19458	1	0.088223	-0.46205	0.48525	-0.13789	-0.24755	-0.16878	-0.23883	-0.29439	0.088223	1	-0.09931	-0.3323	-0.095603	0.26895	0.079703	-0.49737	-0.068989	-0.46205	-0.09931	1	-0.037047	0.40229	0.13381	0.062907	0.44762	0.074483	0.48525	-0.3323	-0.037047	1	0.03522	-0.33709	0.015548	-0.50132	-0.087597	-0.13789	-0.095603	0.40229	0.03522	1
