1	0.16669	0.26654	0.16882	0.2591	-0.22104	0.16681	-0.15598	0.24813	0.16669	1	0.012749	0.26233	0.53031	-0.55624	0.12031	0.76178	0.064074	0.26654	0.012749	1	0.46454	0.067441	0.1475	0.16722	0.10419	0.18704	0.16882	0.26233	0.46454	1	0.51326	-0.49829	-0.23115	-0.069803	0.092786	0.2591	0.53031	0.067441	0.51326	1	-0.55019	0.25626	0.14837	-0.22004	-0.22104	-0.55624	0.1475	-0.49829	-0.55019	1	-0.019525	-0.20989	0.39098	0.16681	0.12031	0.16722	-0.23115	0.25626	-0.019525	1	0.31226	-0.48877	-0.15598	0.76178	0.10419	-0.069803	0.14837	-0.20989	0.31226	1	-0.079708	0.24813	0.064074	0.18704	0.092786	-0.22004	0.39098	-0.48877	-0.079708	1
