1	-0.40683	-0.21091	-0.091653	0.14917	0.47498	0.27498	0.13747	0.031659	-0.40683	1	-0.11658	-0.019779	-0.46745	0.20182	0.032549	-0.28425	0.50598	-0.21091	-0.11658	1	0.68049	0.11905	-0.46532	0.011266	-0.18346	-0.48483	-0.091653	-0.019779	0.68049	1	0.064111	-0.15226	0.13823	-0.17465	-0.065439	0.14917	-0.46745	0.11905	0.064111	1	-0.023647	0.56569	0.65716	-0.25633	0.47498	0.20182	-0.46532	-0.15226	-0.023647	1	0.59189	0.35089	0.65772	0.27498	0.032549	0.011266	0.13823	0.56569	0.59189	1	0.3563	0.18025	0.13747	-0.28425	-0.18346	-0.17465	0.65716	0.35089	0.3563	1	0.16829	0.031659	0.50598	-0.48483	-0.065439	-0.25633	0.65772	0.18025	0.16829	1
