1	-0.43668	-0.30676	0.12785	-0.022089	0.38695	0.26824	0.11602	0.38459	-0.43668	1	0.61424	0.20032	-0.15826	-0.21309	-0.12644	-0.30456	0.060999	-0.30676	0.61424	1	0.050307	0.013056	-0.50014	-0.42861	-0.30314	-0.02862	0.12785	0.20032	0.050307	1	-0.60642	-0.047745	0.20938	0.1729	0.59798	-0.022089	-0.15826	0.013056	-0.60642	1	0.34654	0.1099	-0.020762	-0.32985	0.38695	-0.21309	-0.50014	-0.047745	0.34654	1	0.73439	-0.032672	0.39439	0.26824	-0.12644	-0.42861	0.20938	0.1099	0.73439	1	-0.2576	0.48103	0.11602	-0.30456	-0.30314	0.1729	-0.020762	-0.032672	-0.2576	1	0.031731	0.38459	0.060999	-0.02862	0.59798	-0.32985	0.39439	0.48103	0.031731	1
