1	0.62209	0.034634	-0.28354	0.18896	-0.1735	0.1587	-0.13281	-0.31865	0.62209	1	-0.0020945	-0.30379	0.19493	0.048786	0.44731	0.2248	-0.029117	0.034634	-0.0020945	1	0.18736	-0.63572	-0.024523	0.18123	0.13875	0.58164	-0.28354	-0.30379	0.18736	1	0.13264	0.3743	-0.10699	0.47136	0.2211	0.18896	0.19493	-0.63572	0.13264	1	-0.20632	0.044708	0.11016	-0.80149	-0.1735	0.048786	-0.024523	0.3743	-0.20632	1	-0.063108	0.06183	0.47648	0.1587	0.44731	0.18123	-0.10699	0.044708	-0.063108	1	0.35537	0.068045	-0.13281	0.2248	0.13875	0.47136	0.11016	0.06183	0.35537	1	0.30723	-0.31865	-0.029117	0.58164	0.2211	-0.80149	0.47648	0.068045	0.30723	1
