1	-0.59013	-0.16122	0.24472	0.40478	-0.021337	0.23893	0.12195	0.10183	-0.59013	1	0.24383	-0.012905	-0.11689	-0.32345	-0.12592	-0.15348	-0.20535	-0.16122	0.24383	1	-0.083394	-0.44657	-0.079057	0.045782	-0.35736	-0.26088	0.24472	-0.012905	-0.083394	1	0.80101	0.52223	-0.72827	0.39953	0.69511	0.40478	-0.11689	-0.44657	0.80101	1	0.32793	-0.45391	0.38917	0.595	-0.021337	-0.32345	-0.079057	0.52223	0.32793	1	-0.52155	0.38771	0.45473	0.23893	-0.12592	0.045782	-0.72827	-0.45391	-0.52155	1	-0.098135	-0.52159	0.12195	-0.15348	-0.35736	0.39953	0.38917	0.38771	-0.098135	1	0.37023	0.10183	-0.20535	-0.26088	0.69511	0.595	0.45473	-0.52159	0.37023	1
