1	-0.4384	-0.46608	-0.2971	0.1668	-0.70397	-0.20862	-0.15436	-0.28064	-0.4384	1	-0.2057	0.14679	0.16205	-0.01647	0.37475	-0.077824	0.405	-0.46608	-0.2057	1	0.49343	-0.55998	0.49253	0.1238	0.1091	-0.58613	-0.2971	0.14679	0.49343	1	-0.1986	-0.17444	0.13459	0.048904	-0.13471	0.1668	0.16205	-0.55998	-0.1986	1	-0.24743	-0.35721	-0.59088	0.59416	-0.70397	-0.01647	0.49253	-0.17444	-0.24743	1	0.053606	0.12161	0.0099382	-0.20862	0.37475	0.1238	0.13459	-0.35721	0.053606	1	-0.27208	-0.14526	-0.15436	-0.077824	0.1091	0.048904	-0.59088	0.12161	-0.27208	1	-0.053912	-0.28064	0.405	-0.58613	-0.13471	0.59416	0.0099382	-0.14526	-0.053912	1
