1	0.29745	0.33335	0.16372	-0.2654	0.52566	-0.16209	-0.19924	0.55377	0.29745	1	0.63381	-0.37652	-0.01953	0.29122	0.1754	-0.018316	0.15469	0.33335	0.63381	1	-0.42222	0.25897	0.3048	0.29239	-0.49122	0.12561	0.16372	-0.37652	-0.42222	1	-0.69665	-0.44072	0.016323	0.50386	0.10693	-0.2654	-0.01953	0.25897	-0.69665	1	0.16652	-0.25338	-0.50829	-0.19068	0.52566	0.29122	0.3048	-0.44072	0.16652	1	-0.3916	-0.37174	0.042455	-0.16209	0.1754	0.29239	0.016323	-0.25338	-0.3916	1	0.19575	0.29771	-0.19924	-0.018316	-0.49122	0.50386	-0.50829	-0.37174	0.19575	1	-0.078908	0.55377	0.15469	0.12561	0.10693	-0.19068	0.042455	0.29771	-0.078908	1
