1	-0.32015	-0.22017	-0.099799	-0.23393	-0.051166	-0.12531	0.22087	0.29488	-0.32015	1	-0.30679	-0.69704	0.17189	0.056117	0.11549	-0.17208	-0.22867	-0.22017	-0.30679	1	-0.011881	-0.24725	0.10905	-0.68984	-0.09845	0.14092	-0.099799	-0.69704	-0.011881	1	0.2998	-0.23919	0.17961	-0.061915	0.29318	-0.23393	0.17189	-0.24725	0.2998	1	-0.70014	-0.10285	-0.55145	0.41552	-0.051166	0.056117	0.10905	-0.23919	-0.70014	1	0.21434	0.28642	-0.30847	-0.12531	0.11549	-0.68984	0.17961	-0.10285	0.21434	1	0.34634	-0.38172	0.22087	-0.17208	-0.09845	-0.061915	-0.55145	0.28642	0.34634	1	-0.10038	0.29488	-0.22867	0.14092	0.29318	0.41552	-0.30847	-0.38172	-0.10038	1
