1	0.19609	-0.49156	-0.34903	0.085585	0.098229	0.71052	-0.021688	-0.037403	0.19609	1	0.23504	-0.17796	0.44139	0.18624	-0.20226	-0.39334	-0.47118	-0.49156	0.23504	1	0.1515	0.46384	-0.2563	-0.49413	-0.17684	-0.12653	-0.34903	-0.17796	0.1515	1	0.44467	-0.6075	-0.40442	-0.022715	-0.47675	0.085585	0.44139	0.46384	0.44467	1	-0.6346	-0.15919	-0.17265	-0.79574	0.098229	0.18624	-0.2563	-0.6075	-0.6346	1	0.024182	-0.23074	0.4219	0.71052	-0.20226	-0.49413	-0.40442	-0.15919	0.024182	1	0.47726	0.30455	-0.021688	-0.39334	-0.17684	-0.022715	-0.17265	-0.23074	0.47726	1	0.24638	-0.037403	-0.47118	-0.12653	-0.47675	-0.79574	0.4219	0.30455	0.24638	1
