1	-0.54272	0.27161	-0.059139	-0.28245	-0.22003	-0.12066	-0.1169	-0.4917	-0.54272	1	0.4079	0.041412	0.60948	-0.10694	0.19474	0.25261	-0.04635	0.27161	0.4079	1	-0.077109	0.44673	-0.24989	0.01087	0.39307	-0.5564	-0.059139	0.041412	-0.077109	1	0.068632	-0.011134	-0.36649	-0.15916	-0.38354	-0.28245	0.60948	0.44673	0.068632	1	0.17915	-0.156	0.46211	-0.45165	-0.22003	-0.10694	-0.24989	-0.011134	0.17915	1	-0.27487	0.28699	0.017392	-0.12066	0.19474	0.01087	-0.36649	-0.156	-0.27487	1	-0.24879	0.36781	-0.1169	0.25261	0.39307	-0.15916	0.46211	0.28699	-0.24879	1	0.10053	-0.4917	-0.04635	-0.5564	-0.38354	-0.45165	0.017392	0.36781	0.10053	1
