1	0.20761	0.32321	0.21665	-0.30473	-0.47128	-0.44361	0.27634	0.0090833	0.20761	1	-0.0082376	-0.089068	-0.84791	-0.34258	-0.1613	-0.21162	0.15185	0.32321	-0.0082376	1	-0.27262	-0.13574	0.088976	0.32328	-0.474	-0.58331	0.21665	-0.089068	-0.27262	1	0.18049	-0.1405	-0.07313	0.027625	0.097523	-0.30473	-0.84791	-0.13574	0.18049	1	0.26987	-0.12093	0.2675	0.01317	-0.47128	-0.34258	0.088976	-0.1405	0.26987	1	0.39644	-0.1393	0.063915	-0.44361	-0.1613	0.32328	-0.07313	-0.12093	0.39644	1	-0.51205	-0.59375	0.27634	-0.21162	-0.474	0.027625	0.2675	-0.1393	-0.51205	1	0.24568	0.0090833	0.15185	-0.58331	0.097523	0.01317	0.063915	-0.59375	0.24568	1
