1	0.18783	-0.10238	-0.39379	-0.28037	-0.73616	0.53327	-0.29857	-0.116	0.18783	1	0.25507	-0.036368	-0.39522	-0.33535	-0.014991	0.13353	0.11931	-0.10238	0.25507	1	-0.27759	0.39129	0.063578	-0.20443	-0.16737	0.17302	-0.39379	-0.036368	-0.27759	1	-0.11965	0.29557	0.25643	-0.21023	-0.39393	-0.28037	-0.39522	0.39129	-0.11965	1	0.44738	-0.33541	-0.13622	0.59047	-0.73616	-0.33535	0.063578	0.29557	0.44738	1	-0.36332	0.15371	0.17808	0.53327	-0.014991	-0.20443	0.25643	-0.33541	-0.36332	1	-0.50733	-0.54917	-0.29857	0.13353	-0.16737	-0.21023	-0.13622	0.15371	-0.50733	1	0.29558	-0.116	0.11931	0.17302	-0.39393	0.59047	0.17808	-0.54917	0.29558	1
