1	0.12547	0.28053	0.073762	0.46361	-0.37564	0.42315	-0.025695	0.0032522	0.12547	1	-0.56814	0.62754	0.0072457	0.13541	-0.135	0.42269	0.34059	0.28053	-0.56814	1	-0.11259	0.33613	-0.44092	0.017533	-0.18204	-0.3469	0.073762	0.62754	-0.11259	1	0.2011	-0.26168	-0.34384	0.27081	0.45275	0.46361	0.0072457	0.33613	0.2011	1	-0.033767	-0.054958	-0.1543	-0.24184	-0.37564	0.13541	-0.44092	-0.26168	-0.033767	1	-0.26161	-0.092124	0.034034	0.42315	-0.135	0.017533	-0.34384	-0.054958	-0.26161	1	-0.3352	0.29316	-0.025695	0.42269	-0.18204	0.27081	-0.1543	-0.092124	-0.3352	1	-0.42849	0.0032522	0.34059	-0.3469	0.45275	-0.24184	0.034034	0.29316	-0.42849	1
