1	0.26767	0.76746	0.035021	0.28532	0.29031	0.20048	0.093092	0.41362	0.26767	1	0.35757	-0.042298	0.49385	0.31137	0.0036454	0.30144	0.4107	0.76746	0.35757	1	0.049132	0.069953	0.63235	0.33362	0.06217	0.43644	0.035021	-0.042298	0.049132	1	-0.35774	0.17153	0.04637	-0.42994	-0.2374	0.28532	0.49385	0.069953	-0.35774	1	-0.13177	-0.5422	0.093091	0.10992	0.29031	0.31137	0.63235	0.17153	-0.13177	1	0.48523	0.13384	0.48716	0.20048	0.0036454	0.33362	0.04637	-0.5422	0.48523	1	0.53647	0.65153	0.093092	0.30144	0.06217	-0.42994	0.093091	0.13384	0.53647	1	0.48693	0.41362	0.4107	0.43644	-0.2374	0.10992	0.48716	0.65153	0.48693	1
