1	-0.10816	0.12962	-0.039085	-0.038069	0.21354	0.13461	0.50229	-0.52982	-0.10816	1	-0.16743	0.41777	0.20299	-0.17233	0.33128	-0.11603	0.73277	0.12962	-0.16743	1	-0.59293	0.641	-0.018652	-0.042244	0.078729	0.051027	-0.039085	0.41777	-0.59293	1	-0.46036	0.36581	-0.19617	-0.060848	0.25525	-0.038069	0.20299	0.641	-0.46036	1	-0.57195	0.59646	0.19007	0.26248	0.21354	-0.17233	-0.018652	0.36581	-0.57195	1	-0.74845	-0.35657	-0.016527	0.13461	0.33128	-0.042244	-0.19617	0.59646	-0.74845	1	0.28809	-0.07261	0.50229	-0.11603	0.078729	-0.060848	0.19007	-0.35657	0.28809	1	-0.33051	-0.52982	0.73277	0.051027	0.25525	0.26248	-0.016527	-0.07261	-0.33051	1
