1	0.11109	0.41437	0.11253	-0.19438	0.052843	0.11262	0.06694	-0.072018	0.11109	1	-0.17166	-0.06068	-0.36449	0.11483	-0.12316	-0.57622	0.074363	0.41437	-0.17166	1	0.83764	-0.42788	0.66622	0.18549	0.33465	0.40791	0.11253	-0.06068	0.83764	1	-0.18102	0.90308	0.45992	0.35873	0.72954	-0.19438	-0.36449	-0.42788	-0.18102	1	-0.047432	0.58962	0.31614	0.10263	0.052843	0.11483	0.66622	0.90308	-0.047432	1	0.64489	0.19021	0.87194	0.11262	-0.12316	0.18549	0.45992	0.58962	0.64489	1	0.48373	0.69103	0.06694	-0.57622	0.33465	0.35873	0.31614	0.19021	0.48373	1	0.022397	-0.072018	0.074363	0.40791	0.72954	0.10263	0.87194	0.69103	0.022397	1
