1	0.85599	0.55516	0.74489	0.013186	0.57862	0.40526	-0.44832	0.25079	0.85599	1	0.71269	0.84383	-0.28638	0.76221	0.5378	-0.23953	0.40692	0.55516	0.71269	1	0.82425	-0.4589	0.85344	0.79387	0.10319	0.49352	0.74489	0.84383	0.82425	1	-0.5607	0.93353	0.75014	-0.19453	0.26247	0.013186	-0.28638	-0.4589	-0.5607	1	-0.59826	-0.51674	-0.21098	0.030123	0.57862	0.76221	0.85344	0.93353	-0.59826	1	0.90066	0.098196	0.45422	0.40526	0.5378	0.79387	0.75014	-0.51674	0.90066	1	0.43369	0.57486	-0.44832	-0.23953	0.10319	-0.19453	-0.21098	0.098196	0.43369	1	0.49276	0.25079	0.40692	0.49352	0.26247	0.030123	0.45422	0.57486	0.49276	1
