1	0.28462	0.64465	0.63382	-0.26209	0.17199	-0.042098	-0.5145	0.10221	0.28462	1	0.51119	0.22833	-0.71683	0.19112	-0.10243	0.48107	0.79781	0.64465	0.51119	1	0.92054	-0.61104	0.42986	-0.25155	-0.15598	0.59961	0.63382	0.22833	0.92054	1	-0.39363	0.52842	-0.21311	-0.31701	0.35796	-0.26209	-0.71683	-0.61104	-0.39363	1	-0.28068	0.34189	-0.29478	-0.86037	0.17199	0.19112	0.42986	0.52842	-0.28068	1	0.46455	0.1157	0.3967	-0.042098	-0.10243	-0.25155	-0.21311	0.34189	0.46455	1	0.18635	-0.17529	-0.5145	0.48107	-0.15598	-0.31701	-0.29478	0.1157	0.18635	1	0.54172	0.10221	0.79781	0.59961	0.35796	-0.86037	0.3967	-0.17529	0.54172	1
