1	-0.075588	0.076023	-0.36334	0.17683	-0.32625	0.29853	-0.090187	-0.59281	-0.075588	1	-0.31754	0.47763	-0.45509	0.68714	0.41387	-0.33293	0.48015	0.076023	-0.31754	1	-0.2304	0.55941	-0.24136	0.019314	0.055882	-0.21432	-0.36334	0.47763	-0.2304	1	-0.72066	0.598	0.10673	-0.36413	0.45394	0.17683	-0.45509	0.55941	-0.72066	1	-0.65375	-0.19614	0.56333	-0.57634	-0.32625	0.68714	-0.24136	0.598	-0.65375	1	0.030827	-0.38926	0.79993	0.29853	0.41387	0.019314	0.10673	-0.19614	0.030827	1	-0.42479	-0.20379	-0.090187	-0.33293	0.055882	-0.36413	0.56333	-0.38926	-0.42479	1	-0.36178	-0.59281	0.48015	-0.21432	0.45394	-0.57634	0.79993	-0.20379	-0.36178	1
