1	-0.39457	0.34738	-0.30226	0.69948	0.31744	0.20582	-0.47402	-0.42223	-0.39457	1	-0.0012074	0.017934	-0.63349	-0.47232	0.39109	0.53133	0.86496	0.34738	-0.0012074	1	-0.42352	0.33267	0.38695	0.23861	0.078738	-0.066039	-0.30226	0.017934	-0.42352	1	-0.18336	-0.13823	-0.55047	-0.3316	-0.18944	0.69948	-0.63349	0.33267	-0.18336	1	0.34381	-0.22722	-0.51495	-0.72529	0.31744	-0.47232	0.38695	-0.13823	0.34381	1	-0.016402	-0.36865	-0.31147	0.20582	0.39109	0.23861	-0.55047	-0.22722	-0.016402	1	0.53849	0.6239	-0.47402	0.53133	0.078738	-0.3316	-0.51495	-0.36865	0.53849	1	0.68804	-0.42223	0.86496	-0.066039	-0.18944	-0.72529	-0.31147	0.6239	0.68804	1
