1	-0.33598	-0.12455	0.31498	-0.23657	-0.045826	-0.066549	0.54423	-0.076155	-0.33598	1	0.60989	-0.49242	-0.43255	0.28759	-0.47388	-0.098081	-0.58791	-0.12455	0.60989	1	-0.15088	-0.5236	-0.050411	-0.40214	0.33038	-0.47021	0.31498	-0.49242	-0.15088	1	0.33781	-0.45428	0.029825	0.42511	0.17402	-0.23657	-0.43255	-0.5236	0.33781	1	-0.41162	0.2811	-0.1025	0.51448	-0.045826	0.28759	-0.050411	-0.45428	-0.41162	1	0.24282	-0.26382	-0.45554	-0.066549	-0.47388	-0.40214	0.029825	0.2811	0.24282	1	-0.35907	0.41538	0.54423	-0.098081	0.33038	0.42511	-0.1025	-0.26382	-0.35907	1	-0.35939	-0.076155	-0.58791	-0.47021	0.17402	0.51448	-0.45554	0.41538	-0.35939	1
