1	-0.21003	-0.025629	-0.003776	0.55881	-0.25039	0.1345	0.25043	0.018197	-0.21003	1	0.067536	0.24349	0.067591	0.0083202	0.38582	-0.20156	-0.23688	-0.025629	0.067536	1	-0.49323	-0.099711	-0.35557	0.19453	-0.59201	0.061203	-0.003776	0.24349	-0.49323	1	0.55079	0.69968	-0.24569	0.059857	-0.7061	0.55881	0.067591	-0.099711	0.55079	1	0.18681	-0.22112	0.0084948	-0.61602	-0.25039	0.0083202	-0.35557	0.69968	0.18681	1	0.040839	-0.0045167	-0.54411	0.1345	0.38582	0.19453	-0.24569	-0.22112	0.040839	1	-0.19419	0.12273	0.25043	-0.20156	-0.59201	0.059857	0.0084948	-0.0045167	-0.19419	1	0.48406	0.018197	-0.23688	0.061203	-0.7061	-0.61602	-0.54411	0.12273	0.48406	1
