1	0.021692	0.44874	-0.13895	-0.60446	-0.63997	0.20631	0.21919	0.21872	0.021692	1	0.4509	-0.17386	-0.058727	-0.04641	0.12646	0.13496	0.49986	0.44874	0.4509	1	0.39262	-0.53599	-0.52862	0.045478	-0.18465	0.41238	-0.13895	-0.17386	0.39262	1	-0.31949	0.12136	-0.15901	-0.091169	0.25958	-0.60446	-0.058727	-0.53599	-0.31949	1	0.27575	-0.050851	-0.27934	-0.37947	-0.63997	-0.04641	-0.52862	0.12136	0.27575	1	-0.40997	0.17212	0.021244	0.20631	0.12646	0.045478	-0.15901	-0.050851	-0.40997	1	-0.0034346	-0.143	0.21919	0.13496	-0.18465	-0.091169	-0.27934	0.17212	-0.0034346	1	0.28449	0.21872	0.49986	0.41238	0.25958	-0.37947	0.021244	-0.143	0.28449	1
