1	-0.010433	-0.088668	-0.65664	-0.53366	0.29689	-0.51846	0.32103	0.7523	-0.010433	1	-0.32391	-0.1619	-0.04279	0.28628	0.24765	0.19366	-0.044417	-0.088668	-0.32391	1	0.16741	0.22988	0.54604	-0.08104	-0.78969	-0.042553	-0.65664	-0.1619	0.16741	1	0.80458	-0.33022	0.13991	-0.2354	-0.59753	-0.53366	-0.04279	0.22988	0.80458	1	-0.41165	0.43242	-0.16115	-0.38558	0.29689	0.28628	0.54604	-0.33022	-0.41165	1	-0.30679	-0.43014	0.17871	-0.51846	0.24765	-0.08104	0.13991	0.43242	-0.30679	1	0.05229	-0.185	0.32103	0.19366	-0.78969	-0.2354	-0.16115	-0.43014	0.05229	1	0.30014	0.7523	-0.044417	-0.042553	-0.59753	-0.38558	0.17871	-0.185	0.30014	1
