1	-0.31263	0.18065	-0.4268	-0.1262	-0.1752	-0.43085	0.15969	0.02393	-0.31263	1	0.065946	0.40038	0.13403	0.058028	0.56828	-0.30248	-0.020341	0.18065	0.065946	1	-0.22932	-0.47971	0.048642	-0.13519	-0.025916	-0.097664	-0.4268	0.40038	-0.22932	1	0.64197	0.074224	0.4573	0.057703	0.4158	-0.1262	0.13403	-0.47971	0.64197	1	-0.023297	0.41662	-0.28074	0.23761	-0.1752	0.058028	0.048642	0.074224	-0.023297	1	0.11357	-0.30663	-0.048721	-0.43085	0.56828	-0.13519	0.4573	0.41662	0.11357	1	-0.55739	0.03099	0.15969	-0.30248	-0.025916	0.057703	-0.28074	-0.30663	-0.55739	1	0.25981	0.02393	-0.020341	-0.097664	0.4158	0.23761	-0.048721	0.03099	0.25981	1
