1	0.25236	-0.026309	0.21623	-0.52473	-0.7666	-0.20469	-0.078155	0.37664	0.25236	1	0.38403	0.59151	-0.59911	-0.22116	0.11545	-0.20201	0.093312	-0.026309	0.38403	1	0.23088	-0.48728	-0.06914	0.30067	-0.11687	0.39903	0.21623	0.59151	0.23088	1	-0.63311	-0.25436	-0.27178	0.18416	-0.066514	-0.52473	-0.59911	-0.48728	-0.63311	1	0.52128	0.1181	0.28505	-0.58724	-0.7666	-0.22116	-0.06914	-0.25436	0.52128	1	0.39345	0.071464	-0.41267	-0.20469	0.11545	0.30067	-0.27178	0.1181	0.39345	1	-0.33046	-0.051707	-0.078155	-0.20201	-0.11687	0.18416	0.28505	0.071464	-0.33046	1	-0.5936	0.37664	0.093312	0.39903	-0.066514	-0.58724	-0.41267	-0.051707	-0.5936	1
