1	-0.43147	-0.31826	0.32927	-0.18749	0.27484	-0.097398	0.31648	0.22946	-0.43147	1	0.24361	-0.059078	-0.46942	-0.094244	-0.31389	0.082219	-0.19403	-0.31826	0.24361	1	0.21413	0.41781	-0.68863	0.16219	-0.33023	-0.35679	0.32927	-0.059078	0.21413	1	0.3447	0.01947	-0.16558	0.1506	0.56778	-0.18749	-0.46942	0.41781	0.3447	1	-0.3171	0.21336	-0.29377	0.17689	0.27484	-0.094244	-0.68863	0.01947	-0.3171	1	-0.20844	0.33811	0.30678	-0.097398	-0.31389	0.16219	-0.16558	0.21336	-0.20844	1	-0.75208	0.035848	0.31648	0.082219	-0.33023	0.1506	-0.29377	0.33811	-0.75208	1	0.11978	0.22946	-0.19403	-0.35679	0.56778	0.17689	0.30678	0.035848	0.11978	1
