1	-0.48663	-0.31348	-0.46314	0.049967	-0.12564	-0.47224	-0.60576	0.60187	-0.48663	1	-0.12423	0.20462	0.3823	-0.26322	0.52847	0.53099	-0.28399	-0.31348	-0.12423	1	0.44293	0.22018	0.42732	-0.36903	-0.096192	-0.39224	-0.46314	0.20462	0.44293	1	0.1324	-0.042476	-0.10779	0.26974	-0.16709	0.049967	0.3823	0.22018	0.1324	1	-0.45687	-0.38025	0.085146	-0.17825	-0.12564	-0.26322	0.42732	-0.042476	-0.45687	1	0.015408	-0.33863	-0.0099901	-0.47224	0.52847	-0.36903	-0.10779	-0.38025	0.015408	1	0.28335	-0.39102	-0.60576	0.53099	-0.096192	0.26974	0.085146	-0.33863	0.28335	1	-0.20657	0.60187	-0.28399	-0.39224	-0.16709	-0.17825	-0.0099901	-0.39102	-0.20657	1
