1	0.078295	0.23372	-0.13004	-0.25656	0.2703	0.10363	0.76305	0.22721	0.078295	1	0.64381	-0.36649	-0.44669	0.44189	0.51156	0.28585	0.065444	0.23372	0.64381	1	-0.33058	-0.58799	0.32526	0.59771	0.51362	0.34336	-0.13004	-0.36649	-0.33058	1	0.11945	0.16919	-0.59841	-0.06068	-0.054515	-0.25656	-0.44669	-0.58799	0.11945	1	-0.034704	-0.33133	-0.59637	-0.42033	0.2703	0.44189	0.32526	0.16919	-0.034704	1	0.038556	0.23948	0.20323	0.10363	0.51156	0.59771	-0.59841	-0.33133	0.038556	1	0.21322	0.29555	0.76305	0.28585	0.51362	-0.06068	-0.59637	0.23948	0.21322	1	0.14688	0.22721	0.065444	0.34336	-0.054515	-0.42033	0.20323	0.29555	0.14688	1
