1	0.074691	0.41859	-0.25052	-0.13189	0.40422	-0.35397	0.27121	-0.092584	0.074691	1	0.64959	-0.2163	0.24327	0.1359	-0.30323	0.40373	0.50238	0.41859	0.64959	1	-0.19279	0.32112	0.26372	-0.33758	0.23589	0.43833	-0.25052	-0.2163	-0.19279	1	-0.40945	0.11832	-0.40104	0.14142	0.18295	-0.13189	0.24327	0.32112	-0.40945	1	-0.23872	0.061572	0.20391	0.1416	0.40422	0.1359	0.26372	0.11832	-0.23872	1	-0.13956	0.17486	-0.29957	-0.35397	-0.30323	-0.33758	-0.40104	0.061572	-0.13956	1	-0.7568	-0.22476	0.27121	0.40373	0.23589	0.14142	0.20391	0.17486	-0.7568	1	0.18335	-0.092584	0.50238	0.43833	0.18295	0.1416	-0.29957	-0.22476	0.18335	1
