1	-0.24032	0.75257	0.39745	0.48551	-0.44836	0.14944	0.31613	-0.38394	-0.24032	1	0.024301	0.36852	0.3709	-0.047363	-0.39436	-0.20145	0.0081567	0.75257	0.024301	1	0.46897	0.64519	-0.51132	0.32439	0.22354	-0.38107	0.39745	0.36852	0.46897	1	0.40701	-0.29623	-0.059614	-0.02995	0.040065	0.48551	0.3709	0.64519	0.40701	1	-0.14303	-0.25704	0.52814	-0.1086	-0.44836	-0.047363	-0.51132	-0.29623	-0.14303	1	-0.43594	0.11002	0.3494	0.14944	-0.39436	0.32439	-0.059614	-0.25704	-0.43594	1	-0.18081	-0.24578	0.31613	-0.20145	0.22354	-0.02995	0.52814	0.11002	-0.18081	1	-0.24221	-0.38394	0.0081567	-0.38107	0.040065	-0.1086	0.3494	-0.24578	-0.24221	1
