1	-0.031584	-0.17285	0.37456	-0.023661	0.44309	0.38355	0.15817	0.16511	-0.031584	1	0.34532	-0.48227	0.21417	-0.14842	0.45082	0.25732	0.73311	-0.17285	0.34532	1	-0.298	-0.19505	-0.20178	0.065962	0.015134	0.2571	0.37456	-0.48227	-0.298	1	0.14692	0.58279	0.15067	-0.50296	-0.43292	-0.023661	0.21417	-0.19505	0.14692	1	-0.13143	0.15354	-0.0032148	-0.14533	0.44309	-0.14842	-0.20178	0.58279	-0.13143	1	-0.062901	-0.74263	-0.10112	0.38355	0.45082	0.065962	0.15067	0.15354	-0.062901	1	0.28173	0.25926	0.15817	0.25732	0.015134	-0.50296	-0.0032148	-0.74263	0.28173	1	0.32213	0.16511	0.73311	0.2571	-0.43292	-0.14533	-0.10112	0.25926	0.32213	1
