1	0.29852	0.26576	-0.2799	0.25167	-0.31013	0.64588	0.10295	-0.41414	0.29852	1	-0.5331	-0.026333	-0.085501	-0.0076725	-0.093425	0.19793	-0.32341	0.26576	-0.5331	1	-0.37562	0.54537	-0.13808	0.29788	-0.091653	-0.29313	-0.2799	-0.026333	-0.37562	1	0.059667	0.53842	-0.28305	0.071118	0.33516	0.25167	-0.085501	0.54537	0.059667	1	-0.029349	-0.12078	0.050735	-0.4196	-0.31013	-0.0076725	-0.13808	0.53842	-0.029349	1	-0.044898	0.37123	0.42808	0.64588	-0.093425	0.29788	-0.28305	-0.12078	-0.044898	1	0.096475	0.048582	0.10295	0.19793	-0.091653	0.071118	0.050735	0.37123	0.096475	1	0.58626	-0.41414	-0.32341	-0.29313	0.33516	-0.4196	0.42808	0.048582	0.58626	1
