1	-0.26211	0.021259	-0.056443	0.37292	-0.017957	0.023986	0.41412	-0.22928	-0.26211	1	0.22459	-0.079902	-0.69711	-0.29831	0.45393	-0.11804	-0.47942	0.021259	0.22459	1	-0.042458	0.40493	0.013504	0.2248	-0.354	-0.10297	-0.056443	-0.079902	-0.042458	1	0.34862	0.67151	0.43443	-0.68298	-0.2467	0.37292	-0.69711	0.40493	0.34862	1	0.44583	-0.18465	-0.27838	0.1428	-0.017957	-0.29831	0.013504	0.67151	0.44583	1	0.17151	-0.41677	0.31313	0.023986	0.45393	0.2248	0.43443	-0.18465	0.17151	1	-0.3721	-0.31281	0.41412	-0.11804	-0.354	-0.68298	-0.27838	-0.41677	-0.3721	1	0.092142	-0.22928	-0.47942	-0.10297	-0.2467	0.1428	0.31313	-0.31281	0.092142	1
