1	0.11399	0.41632	-0.11768	0.29395	-0.11159	-0.15177	0.54085	0.33742	0.11399	1	0.024044	-0.066012	0.21947	0.56198	-0.55067	0.35929	0.61908	0.41632	0.024044	1	-0.1056	0.11547	-0.4136	-0.66316	0.18733	-0.22983	-0.11768	-0.066012	-0.1056	1	-0.35541	0.1613	0.24053	0.085837	-0.39202	0.29395	0.21947	0.11547	-0.35541	1	0.065392	-0.0069757	0.34673	0.4431	-0.11159	0.56198	-0.4136	0.1613	0.065392	1	0.02752	-0.10409	0.29485	-0.15177	-0.55067	-0.66316	0.24053	-0.0069757	0.02752	1	-0.043935	-0.1482	0.54085	0.35929	0.18733	0.085837	0.34673	-0.10409	-0.043935	1	0.4972	0.33742	0.61908	-0.22983	-0.39202	0.4431	0.29485	-0.1482	0.4972	1
