1	-0.19473	-0.67929	0.22802	-0.37432	0.20928	-0.00054023	0.051104	-0.79488	-0.19473	1	0.47232	-0.25922	-0.26424	-0.69664	-0.21514	0.25681	0.36815	-0.67929	0.47232	1	-0.36538	0.19572	-0.57082	0.09342	0.16578	0.75289	0.22802	-0.25922	-0.36538	1	-0.14065	0.22522	0.13929	-0.17312	-0.59865	-0.37432	-0.26424	0.19572	-0.14065	1	0.12881	-0.36905	-0.54335	0.1311	0.20928	-0.69664	-0.57082	0.22522	0.12881	1	0.10919	-0.15124	-0.28242	-0.00054023	-0.21514	0.09342	0.13929	-0.36905	0.10919	1	-0.14452	0.086263	0.051104	0.25681	0.16578	-0.17312	-0.54335	-0.15124	-0.14452	1	0.31355	-0.79488	0.36815	0.75289	-0.59865	0.1311	-0.28242	0.086263	0.31355	1
