1	0.32491	0.059497	0.053353	0.52012	0.26006	-0.12135	0.040172	0.19044	0.32491	1	-0.16803	0.24666	0.48363	0.56831	0.042224	0.55543	0.17835	0.059497	-0.16803	1	-0.44393	0.58017	0.11793	-0.3142	-0.41678	-0.62842	0.053353	0.24666	-0.44393	1	-0.098158	0.11142	0.34141	0.30517	0.49073	0.52012	0.48363	0.58017	-0.098158	1	0.46532	-0.096004	-0.1052	-0.11725	0.26006	0.56831	0.11793	0.11142	0.46532	1	-0.53779	0.44273	-0.29674	-0.12135	0.042224	-0.3142	0.34141	-0.096004	-0.53779	1	-0.41601	0.68369	0.040172	0.55543	-0.41678	0.30517	-0.1052	0.44273	-0.41601	1	-0.096208	0.19044	0.17835	-0.62842	0.49073	-0.11725	-0.29674	0.68369	-0.096208	1
