1	-0.13859	0.20897	-0.009306	-0.039046	0.30637	0.082464	0.22603	-0.31892	-0.13859	1	0.058117	0.062737	-0.04139	0.41134	0.44897	0.13699	-0.052777	0.20897	0.058117	1	-0.70483	-0.33606	0.73229	-0.024895	0.53596	0.0031849	-0.009306	0.062737	-0.70483	1	0.48704	-0.62675	-0.0007056	-0.15844	-0.024919	-0.039046	-0.04139	-0.33606	0.48704	1	-0.37418	0.1986	-0.4339	-0.59372	0.30637	0.41134	0.73229	-0.62675	-0.37418	1	0.32082	0.3734	-0.013649	0.082464	0.44897	-0.024895	-0.0007056	0.1986	0.32082	1	-0.33386	-0.37634	0.22603	0.13699	0.53596	-0.15844	-0.4339	0.3734	-0.33386	1	0.13267	-0.31892	-0.052777	0.0031849	-0.024919	-0.59372	-0.013649	-0.37634	0.13267	1
