1	0.44279	0.12257	0.56995	-0.75644	-0.010978	0.62057	0.1215	0.60532	0.44279	1	0.23601	0.35019	-0.56586	-0.18653	0.44582	0.011184	0.17848	0.12257	0.23601	1	0.6161	-0.076418	-0.58103	0.04253	0.38374	-0.10892	0.56995	0.35019	0.6161	1	-0.50944	-0.10588	0.35347	0.65133	0.44846	-0.75644	-0.56586	-0.076418	-0.50944	1	-0.21545	-0.61481	-0.24454	-0.49879	-0.010978	-0.18653	-0.58103	-0.10588	-0.21545	1	0.25006	-0.024069	0.31884	0.62057	0.44582	0.04253	0.35347	-0.61481	0.25006	1	0.24951	0.40551	0.1215	0.011184	0.38374	0.65133	-0.24454	-0.024069	0.24951	1	0.20704	0.60532	0.17848	-0.10892	0.44846	-0.49879	0.31884	0.40551	0.20704	1
