1	-0.58727	0.26397	0.20304	-0.0016793	0.18363	-0.18394	-0.16052	-0.11184	-0.58727	1	-0.26589	0.03158	-0.31138	0.16996	-0.096897	0.21906	-0.3021	0.26397	-0.26589	1	0.17557	-0.3272	-0.11373	0.22373	-0.35504	-0.14614	0.20304	0.03158	0.17557	1	-0.65498	0.28112	-0.084374	-0.14265	-0.34584	-0.0016793	-0.31138	-0.3272	-0.65498	1	-0.029483	0.33251	-0.099079	0.60337	0.18363	0.16996	-0.11373	0.28112	-0.029483	1	-0.0085686	0.12207	-0.40594	-0.18394	-0.096897	0.22373	-0.084374	0.33251	-0.0085686	1	0.057924	0.0098143	-0.16052	0.21906	-0.35504	-0.14265	-0.099079	0.12207	0.057924	1	-0.30238	-0.11184	-0.3021	-0.14614	-0.34584	0.60337	-0.40594	0.0098143	-0.30238	1
