1	-0.37836	-0.45386	0.27907	-0.078828	-0.079836	-0.30319	0.47479	-0.13005	-0.37836	1	-0.14239	-0.12996	0.048177	0.22668	0.37109	-0.54323	-0.44476	-0.45386	-0.14239	1	-0.23824	0.35333	0.069814	0.023551	0.12267	0.44266	0.27907	-0.12996	-0.23824	1	-0.43781	0.11735	-0.21652	0.43415	0.11147	-0.078828	0.048177	0.35333	-0.43781	1	0.73494	-0.006298	0.020103	0.088656	-0.079836	0.22668	0.069814	0.11735	0.73494	1	0.17905	0.024693	0.070025	-0.30319	0.37109	0.023551	-0.21652	-0.006298	0.17905	1	-0.4118	-0.17999	0.47479	-0.54323	0.12267	0.43415	0.020103	0.024693	-0.4118	1	0.41824	-0.13005	-0.44476	0.44266	0.11147	0.088656	0.070025	-0.17999	0.41824	1
