1	-0.046335	-0.018186	-0.32191	-0.3411	-0.17144	-0.44386	0.33064	-0.10949	-0.046335	1	-0.050536	0.39854	0.58787	0.57462	0.061169	-0.41516	-0.22949	-0.018186	-0.050536	1	0.66186	0.24509	0.27454	-0.25846	-0.20727	0.040194	-0.32191	0.39854	0.66186	1	0.67875	0.52231	-0.20739	-0.6843	-0.25301	-0.3411	0.58787	0.24509	0.67875	1	0.53915	0.080138	-0.7161	-0.3392	-0.17144	0.57462	0.27454	0.52231	0.53915	1	-0.10069	-0.17434	0.10024	-0.44386	0.061169	-0.25846	-0.20739	0.080138	-0.10069	1	-0.17831	0.58524	0.33064	-0.41516	-0.20727	-0.6843	-0.7161	-0.17434	-0.17831	1	0.19333	-0.10949	-0.22949	0.040194	-0.25301	-0.3392	0.10024	0.58524	0.19333	1
