1	0.24393	-0.10933	0.36597	0.45563	-0.66808	-0.20681	-0.010546	0.32786	0.24393	1	-0.27174	-0.03639	0.30672	-0.35371	0.082006	-0.34235	0.066209	-0.10933	-0.27174	1	0.35844	-0.3026	-0.14513	0.5049	0.024748	0.56612	0.36597	-0.03639	0.35844	1	0.025929	-0.54099	-0.16981	0.11742	0.19195	0.45563	0.30672	-0.3026	0.025929	1	-0.34044	-0.11098	0.22819	0.10994	-0.66808	-0.35371	-0.14513	-0.54099	-0.34044	1	0.048006	0.0092486	-0.37358	-0.20681	0.082006	0.5049	-0.16981	-0.11098	0.048006	1	-0.28465	0.083564	-0.010546	-0.34235	0.024748	0.11742	0.22819	0.0092486	-0.28465	1	0.079908	0.32786	0.066209	0.56612	0.19195	0.10994	-0.37358	0.083564	0.079908	1
