1	-0.2255	-0.044111	0.36051	-0.14379	-0.64172	-0.34757	0.29212	0.47592	-0.2255	1	-0.32352	0.35786	-0.42983	0.082894	0.087491	-0.049567	0.21601	-0.044111	-0.32352	1	-0.0050903	-0.41288	-0.39052	-0.41774	0.0097092	-0.36609	0.36051	0.35786	-0.0050903	1	-0.23697	-0.36655	-0.57622	-0.032466	0.36091	-0.14379	-0.42983	-0.41288	-0.23697	1	0.52037	0.33284	-0.47448	-0.32454	-0.64172	0.082894	-0.39052	-0.36655	0.52037	1	0.65844	-0.39652	-0.45509	-0.34757	0.087491	-0.41774	-0.57622	0.33284	0.65844	1	0.10155	-0.23677	0.29212	-0.049567	0.0097092	-0.032466	-0.47448	-0.39652	0.10155	1	0.42776	0.47592	0.21601	-0.36609	0.36091	-0.32454	-0.45509	-0.23677	0.42776	1
