1	0.15532	0.21862	-0.36505	-0.40329	0.10455	0.34581	-0.012969	-0.27942	0.15532	1	-0.26213	-0.1218	0.24449	0.48844	0.28192	-0.45606	0.38698	0.21862	-0.26213	1	0.1898	-0.0049995	0.27826	-0.21375	-0.043978	-0.2271	-0.36505	-0.1218	0.1898	1	0.13064	0.19382	-0.097711	0.0097875	0.14526	-0.40329	0.24449	-0.0049995	0.13064	1	0.18536	0.26653	-0.74652	0.84248	0.10455	0.48844	0.27826	0.19382	0.18536	1	-0.012762	-0.4604	0.066294	0.34581	0.28192	-0.21375	-0.097711	0.26653	-0.012762	1	-0.17324	0.29537	-0.012969	-0.45606	-0.043978	0.0097875	-0.74652	-0.4604	-0.17324	1	-0.81464	-0.27942	0.38698	-0.2271	0.14526	0.84248	0.066294	0.29537	-0.81464	1
