1	0.25247	0.030639	0.28589	-0.19624	0.20146	0.040064	0.19882	-0.514	0.25247	1	0.64992	-0.47002	-0.05246	0.51392	0.34304	0.19404	0.24079	0.030639	0.64992	1	-0.30524	-0.38866	0.26427	0.2002	-0.30366	0.2144	0.28589	-0.47002	-0.30524	1	-0.38068	-0.52618	-0.27195	-0.10864	-0.58383	-0.19624	-0.05246	-0.38866	-0.38068	1	0.37915	-0.466	0.54959	0.13636	0.20146	0.51392	0.26427	-0.52618	0.37915	1	0.099969	0.066305	0.21823	0.040064	0.34304	0.2002	-0.27195	-0.466	0.099969	1	-0.19545	0.18211	0.19882	0.19404	-0.30366	-0.10864	0.54959	0.066305	-0.19545	1	-0.23422	-0.514	0.24079	0.2144	-0.58383	0.13636	0.21823	0.18211	-0.23422	1
