1	-0.34879	-0.23591	0.0097909	0.25165	-0.67317	-0.37216	0.47207	-0.26228	-0.34879	1	0.59547	-0.085022	-0.41066	0.5925	0.12712	-0.20376	0.26338	-0.23591	0.59547	1	-0.22324	-0.17078	0.71243	0.52838	-0.4318	0.069262	0.0097909	-0.085022	-0.22324	1	0.33498	-0.45858	-0.30814	0.032041	0.27009	0.25165	-0.41066	-0.17078	0.33498	1	-0.31825	0.064051	-0.20517	-0.68206	-0.67317	0.5925	0.71243	-0.45858	-0.31825	1	0.51037	-0.55285	0.11375	-0.37216	0.12712	0.52838	-0.30814	0.064051	0.51037	1	-0.33323	-0.36678	0.47207	-0.20376	-0.4318	0.032041	-0.20517	-0.55285	-0.33323	1	-0.057081	-0.26228	0.26338	0.069262	0.27009	-0.68206	0.11375	-0.36678	-0.057081	1
