1	-0.37337	0.16717	0.57577	0.30679	-0.29025	0.45454	-0.053776	0.29753	-0.37337	1	-0.19651	-0.29436	-0.17919	0.18323	0.041759	-0.35609	-0.27343	0.16717	-0.19651	1	0.38106	-0.75866	-0.19951	0.10883	0.12818	-0.44321	0.57577	-0.29436	0.38106	1	-0.063491	-0.025166	0.17945	-0.18154	-0.24085	0.30679	-0.17919	-0.75866	-0.063491	1	-0.0079175	0.15668	0.048489	0.51486	-0.29025	0.18323	-0.19951	-0.025166	-0.0079175	1	-0.59113	-0.263	-0.074006	0.45454	0.041759	0.10883	0.17945	0.15668	-0.59113	1	0.35433	-0.060101	-0.053776	-0.35609	0.12818	-0.18154	0.048489	-0.263	0.35433	1	0.3411	0.29753	-0.27343	-0.44321	-0.24085	0.51486	-0.074006	-0.060101	0.3411	1
