1	0.33386	0.084571	0.57885	-0.071358	0.17571	0.24193	-0.17804	-0.03097	0.33386	1	-0.20716	0.59379	-0.36819	0.46913	-0.43276	-0.11934	0.54791	0.084571	-0.20716	1	0.19471	0.028256	0.18002	0.067786	-0.1148	-0.21346	0.57885	0.59379	0.19471	1	-0.50391	0.44331	-0.142	-0.53747	0.30716	-0.071358	-0.36819	0.028256	-0.50391	1	-0.53106	0.53937	0.20059	-0.23443	0.17571	0.46913	0.18002	0.44331	-0.53106	1	-0.02977	-0.22484	0.5954	0.24193	-0.43276	0.067786	-0.142	0.53937	-0.02977	1	0.095274	0.12429	-0.17804	-0.11934	-0.1148	-0.53747	0.20059	-0.22484	0.095274	1	0.060301	-0.03097	0.54791	-0.21346	0.30716	-0.23443	0.5954	0.12429	0.060301	1
