1	-0.12201	0.31814	0.15037	0.049055	-0.33682	0.42371	-0.14608	0.71773	-0.12201	1	-0.13257	0.034475	-0.33923	-0.46719	0.15813	-0.44481	-0.17734	0.31814	-0.13257	1	0.59136	0.63688	0.015567	0.053465	0.35508	0.46409	0.15037	0.034475	0.59136	1	0.36015	0.10287	0.2616	0.26347	0.46108	0.049055	-0.33923	0.63688	0.36015	1	-0.20174	0.38418	0.16626	0.57466	-0.33682	-0.46719	0.015567	0.10287	-0.20174	1	-0.54153	0.71245	-0.42593	0.42371	0.15813	0.053465	0.2616	0.38418	-0.54153	1	-0.52886	0.69637	-0.14608	-0.44481	0.35508	0.26347	0.16626	0.71245	-0.52886	1	-0.12614	0.71773	-0.17734	0.46409	0.46108	0.57466	-0.42593	0.69637	-0.12614	1
