1	0.058665	0.0672	0.22987	0.34218	0.1203	-0.28848	-0.15951	-0.25506	0.058665	1	-0.16546	0.28585	0.24231	0.76577	-0.38384	0.6862	-0.65297	0.0672	-0.16546	1	0.38279	0.10097	0.032524	-0.55794	0.087647	-0.23466	0.22987	0.28585	0.38279	1	0.52339	0.20077	-0.27156	0.15018	-0.42812	0.34218	0.24231	0.10097	0.52339	1	-0.005435	-0.4673	-0.086661	-0.028625	0.1203	0.76577	0.032524	0.20077	-0.005435	1	-0.56131	0.81606	-0.73443	-0.28848	-0.38384	-0.55794	-0.27156	-0.4673	-0.56131	1	-0.53159	0.46564	-0.15951	0.6862	0.087647	0.15018	-0.086661	0.81606	-0.53159	1	-0.63479	-0.25506	-0.65297	-0.23466	-0.42812	-0.028625	-0.73443	0.46564	-0.63479	1
