1	-0.30861	0.38431	-0.45842	-0.22192	0.36271	0.40069	0.57501	-0.71121	-0.30861	1	0.025531	0.045632	0.3624	-0.147	-0.29453	-0.24195	0.11655	0.38431	0.025531	1	-0.40028	-0.10694	0.27802	0.12551	0.21102	0.013012	-0.45842	0.045632	-0.40028	1	-0.24657	-0.027817	0.2971	-0.62788	0.2047	-0.22192	0.3624	-0.10694	-0.24657	1	0.10952	-0.66521	-0.040359	-0.17234	0.36271	-0.147	0.27802	-0.027817	0.10952	1	0.29108	-0.16788	-0.24271	0.40069	-0.29453	0.12551	0.2971	-0.66521	0.29108	1	-0.13958	-0.10402	0.57501	-0.24195	0.21102	-0.62788	-0.040359	-0.16788	-0.13958	1	-0.52876	-0.71121	0.11655	0.013012	0.2047	-0.17234	-0.24271	-0.10402	-0.52876	1
