1	0.16288	0.52463	0.52148	-0.56534	0.12848	0.095639	-0.079142	-0.24528	0.16288	1	0.52294	-0.32542	-0.33408	0.39883	-0.14227	0.67488	0.21014	0.52463	0.52294	1	0.2831	-0.44563	0.32485	0.023667	0.19116	0.073525	0.52148	-0.32542	0.2831	1	0.20415	0.13203	-0.010631	-0.23195	-0.43857	-0.56534	-0.33408	-0.44563	0.20415	1	0.23091	0.08064	-0.043115	-0.51686	0.12848	0.39883	0.32485	0.13203	0.23091	1	0.46866	-0.047812	-0.2268	0.095639	-0.14227	0.023667	-0.010631	0.08064	0.46866	1	-0.393	-0.31679	-0.079142	0.67488	0.19116	-0.23195	-0.043115	-0.047812	-0.393	1	-0.062284	-0.24528	0.21014	0.073525	-0.43857	-0.51686	-0.2268	-0.31679	-0.062284	1
