1	0.5626	-0.47319	0.37378	-0.49304	-0.42517	0.32392	-0.078898	0.54314	0.5626	1	-0.019794	0.3135	-0.29245	-0.48675	0.43574	-0.19618	0.75361	-0.47319	-0.019794	1	-0.1283	0.57518	0.061848	-0.11339	0.049189	-0.15536	0.37378	0.3135	-0.1283	1	-0.1096	0.1787	-0.21758	-0.11971	-0.03316	-0.49304	-0.29245	0.57518	-0.1096	1	0.16955	-0.65314	-0.20615	-0.61232	-0.42517	-0.48675	0.061848	0.1787	0.16955	1	-0.60209	-0.14502	-0.63886	0.32392	0.43574	-0.11339	-0.21758	-0.65314	-0.60209	1	0.43717	0.84574	-0.078898	-0.19618	0.049189	-0.11971	-0.20615	-0.14502	0.43717	1	0.20486	0.54314	0.75361	-0.15536	-0.03316	-0.61232	-0.63886	0.84574	0.20486	1
