1	0.36937	-0.17228	0.23058	0.71462	-0.078805	0.25485	-0.19104	-0.26808	0.36937	1	0.21783	0.056746	0.1029	0.12584	0.41823	-0.063445	0.41256	-0.17228	0.21783	1	-0.57689	-0.57202	0.4543	-0.18979	0.28924	0.69932	0.23058	0.056746	-0.57689	1	0.28183	-0.47092	0.43183	0.29508	-0.33465	0.71462	0.1029	-0.57202	0.28183	1	-0.42987	0.0036659	-0.22796	-0.35445	-0.078805	0.12584	0.4543	-0.47092	-0.42987	1	0.21123	-0.3316	0.066598	0.25485	0.41823	-0.18979	0.43183	0.0036659	0.21123	1	-0.035313	-0.083828	-0.19104	-0.063445	0.28924	0.29508	-0.22796	-0.3316	-0.035313	1	0.33577	-0.26808	0.41256	0.69932	-0.33465	-0.35445	0.066598	-0.083828	0.33577	1
