1	0.36826	-0.60701	0.16378	0.15424	0.075851	0.059327	-0.27765	0.29714	0.36826	1	-0.41161	-0.061417	0.38628	-0.33428	0.091296	-0.3446	0.55592	-0.60701	-0.41161	1	-0.15024	0.13554	0.41318	-0.54546	0.036773	-0.14272	0.16378	-0.061417	-0.15024	1	0.41631	0.45726	0.077958	0.3401	-0.2478	0.15424	0.38628	0.13554	0.41631	1	0.30071	-0.12689	0.16372	0.12516	0.075851	-0.33428	0.41318	0.45726	0.30071	1	-0.017611	0.20696	-0.46425	0.059327	0.091296	-0.54546	0.077958	-0.12689	-0.017611	1	0.42184	-0.48407	-0.27765	-0.3446	0.036773	0.3401	0.16372	0.20696	0.42184	1	-0.61386	0.29714	0.55592	-0.14272	-0.2478	0.12516	-0.46425	-0.48407	-0.61386	1
