1	0.32466	-0.67567	-0.046918	-0.19501	-0.04757	-0.67491	-0.20108	-0.40429	0.32466	1	-0.61374	0.16671	0.16729	-0.042758	-0.059765	-0.13975	-0.34389	-0.67567	-0.61374	1	0.23252	-0.033536	-0.20941	0.47751	0.13924	0.72043	-0.046918	0.16671	0.23252	1	0.34237	-0.048234	-0.20529	0.026461	0.5247	-0.19501	0.16729	-0.033536	0.34237	1	0.70286	-0.1816	0.68343	0.48609	-0.04757	-0.042758	-0.20941	-0.048234	0.70286	1	-0.044713	0.55881	0.28315	-0.67491	-0.059765	0.47751	-0.20529	-0.1816	-0.044713	1	-0.10679	0.20688	-0.20108	-0.13975	0.13924	0.026461	0.68343	0.55881	-0.10679	1	0.56176	-0.40429	-0.34389	0.72043	0.5247	0.48609	0.28315	0.20688	0.56176	1
