1	0.49176	0.46874	0.39024	-0.45349	0.067406	-0.29573	0.30619	-0.12943	0.49176	1	-0.020489	0.28992	-0.23188	-0.33297	-0.17021	-0.26743	0.075794	0.46874	-0.020489	1	-0.089345	-0.39923	0.014684	-0.71694	0.13308	0.49954	0.39024	0.28992	-0.089345	1	-0.18533	-0.2701	0.37893	0.071864	-0.30887	-0.45349	-0.23188	-0.39923	-0.18533	1	0.077404	0.52775	-0.46753	0.13609	0.067406	-0.33297	0.014684	-0.2701	0.077404	1	-0.16605	0.62394	-0.25646	-0.29573	-0.17021	-0.71694	0.37893	0.52775	-0.16605	1	-0.24394	-0.49722	0.30619	-0.26743	0.13308	0.071864	-0.46753	0.62394	-0.24394	1	-0.53468	-0.12943	0.075794	0.49954	-0.30887	0.13609	-0.25646	-0.49722	-0.53468	1
