1	-0.29112	0.21512	0.042336	-0.24289	-0.40148	0.055021	-0.37477	-0.022566	-0.29112	1	-0.32091	0.19697	0.34107	-0.38068	0.26491	0.11861	0.11489	0.21512	-0.32091	1	-0.40565	-0.28202	-0.050311	-0.57375	0.073443	0.39693	0.042336	0.19697	-0.40565	1	-0.13863	0.0021492	0.11168	0.30152	-0.27913	-0.24289	0.34107	-0.28202	-0.13863	1	-0.43356	0.58698	0.26063	-0.080402	-0.40148	-0.38068	-0.050311	0.0021492	-0.43356	1	-0.049727	0.057328	-0.38102	0.055021	0.26491	-0.57375	0.11168	0.58698	-0.049727	1	-0.046174	-0.64395	-0.37477	0.11861	0.073443	0.30152	0.26063	0.057328	-0.046174	1	-0.30118	-0.022566	0.11489	0.39693	-0.27913	-0.080402	-0.38102	-0.64395	-0.30118	1
