1	0.051613	0.36565	-0.038849	0.23759	-0.0072962	-0.33755	0.03267	0.54332	0.051613	1	0.51013	0.15183	-0.43989	0.32416	0.283	-0.36223	0.16436	0.36565	0.51013	1	0.23417	-0.49147	0.42249	-0.19053	0.20048	0.58716	-0.038849	0.15183	0.23417	1	0.013564	-0.1135	0.39038	0.1164	0.20099	0.23759	-0.43989	-0.49147	0.013564	1	-0.20623	-0.34137	-0.30296	0.13049	-0.0072962	0.32416	0.42249	-0.1135	-0.20623	1	-0.36952	-0.12749	0.48428	-0.33755	0.283	-0.19053	0.39038	-0.34137	-0.36952	1	-0.1649	-0.45826	0.03267	-0.36223	0.20048	0.1164	-0.30296	-0.12749	-0.1649	1	-0.30153	0.54332	0.16436	0.58716	0.20099	0.13049	0.48428	-0.45826	-0.30153	1
