1	0.58594	-0.11294	0.11485	0.66351	0.35855	0.17894	0.16811	0.37761	0.58594	1	0.062336	-0.34612	0.56644	0.35456	0.45288	-0.14467	0.5896	-0.11294	0.062336	1	-0.18889	0.25838	-0.34761	-0.02406	-0.76445	-0.20163	0.11485	-0.34612	-0.18889	1	0.10034	0.046387	-0.32971	0.17762	0.094877	0.66351	0.56644	0.25838	0.10034	1	-0.079178	0.19016	-0.28031	0.24561	0.35855	0.35456	-0.34761	0.046387	-0.079178	1	-0.027027	0.10677	0.32446	0.17894	0.45288	-0.02406	-0.32971	0.19016	-0.027027	1	0.27996	-0.043754	0.16811	-0.14467	-0.76445	0.17762	-0.28031	0.10677	0.27996	1	0.11674	0.37761	0.5896	-0.20163	0.094877	0.24561	0.32446	-0.043754	0.11674	1
