1	0.39989	-0.25469	0.10621	0.41636	-0.15136	0.10115	-0.13524	0.018101	0.39989	1	0.32849	0.18943	0.33476	0.11699	-0.055224	0.10337	0.080802	-0.25469	0.32849	1	0.39757	0.09284	0.18694	-0.41958	0.2203	0.18412	0.10621	0.18943	0.39757	1	-0.086691	-0.045067	-0.186	0.60448	-0.25899	0.41636	0.33476	0.09284	-0.086691	1	0.43663	0.057758	-0.30671	0.36342	-0.15136	0.11699	0.18694	-0.045067	0.43663	1	-0.34192	-0.14327	0.63053	0.10115	-0.055224	-0.41958	-0.186	0.057758	-0.34192	1	-0.23647	-0.33313	-0.13524	0.10337	0.2203	0.60448	-0.30671	-0.14327	-0.23647	1	-0.15781	0.018101	0.080802	0.18412	-0.25899	0.36342	0.63053	-0.33313	-0.15781	1
