1	0.20565	-0.15417	0.18945	-0.31894	-0.082465	-0.028611	0.15708	0.48466	0.20565	1	-0.0753	-0.47679	0.31218	0.085877	0.29348	0.68089	0.34064	-0.15417	-0.0753	1	-0.054852	0.00162	0.15096	-0.13304	-0.39403	-0.66431	0.18945	-0.47679	-0.054852	1	-0.35244	0.054802	-0.48166	-0.67711	-0.46226	-0.31894	0.31218	0.00162	-0.35244	1	0.60503	0.54716	0.41615	-0.11134	-0.082465	0.085877	0.15096	0.054802	0.60503	1	0.29975	-0.078433	-0.26221	-0.028611	0.29348	-0.13304	-0.48166	0.54716	0.29975	1	0.57247	0.3036	0.15708	0.68089	-0.39403	-0.67711	0.41615	-0.078433	0.57247	1	0.67451	0.48466	0.34064	-0.66431	-0.46226	-0.11134	-0.26221	0.3036	0.67451	1
