1	-0.54711	-0.66852	-0.78057	0.23467	-0.57666	-0.2857	-0.32796	-0.22852	-0.54711	1	0.77071	0.27686	0.24331	0.62034	0.024947	-0.14138	-0.53809	-0.66852	0.77071	1	0.63868	0.17768	0.53952	0.053508	-0.016994	-0.37089	-0.78057	0.27686	0.63868	1	-0.19688	0.51806	0.18087	0.2115	0.35128	0.23467	0.24331	0.17768	-0.19688	1	0.10102	0.11482	-0.52033	-0.29643	-0.57666	0.62034	0.53952	0.51806	0.10102	1	0.14578	-0.39079	0.12855	-0.2857	0.024947	0.053508	0.18087	0.11482	0.14578	1	0.2812	0.3539	-0.32796	-0.14138	-0.016994	0.2115	-0.52033	-0.39079	0.2812	1	0.13425	-0.22852	-0.53809	-0.37089	0.35128	-0.29643	0.12855	0.3539	0.13425	1
