1	-0.20637	0.48104	0.41606	0.5665	0.21399	0.35021	0.18924	0.353	-0.20637	1	-0.063908	-0.25152	-0.49213	0.20957	0.06253	-0.53811	-0.03766	0.48104	-0.063908	1	0.20011	0.078688	0.53325	0.53651	0.10999	0.19872	0.41606	-0.25152	0.20011	1	0.17561	-0.35472	0.1144	0.21266	0.28666	0.5665	-0.49213	0.078688	0.17561	1	0.096369	-0.14248	0.13486	-0.047217	0.21399	0.20957	0.53325	-0.35472	0.096369	1	0.38381	-0.45093	0.05274	0.35021	0.06253	0.53651	0.1144	-0.14248	0.38381	1	0.04846	0.82634	0.18924	-0.53811	0.10999	0.21266	0.13486	-0.45093	0.04846	1	-0.041437	0.353	-0.03766	0.19872	0.28666	-0.047217	0.05274	0.82634	-0.041437	1
