1	-0.14179	0.59481	0.067442	-0.016368	0.65117	0.39557	-0.25257	-0.35429	-0.14179	1	-0.47247	-0.0045523	0.51819	-0.26688	-0.0242	-0.27011	-0.45524	0.59481	-0.47247	1	0.44071	-0.096884	0.22732	0.11567	0.40515	0.32627	0.067442	-0.0045523	0.44071	1	-0.24612	0.064309	-0.044433	0.51073	0.6619	-0.016368	0.51819	-0.096884	-0.24612	1	-0.29128	0.16193	-0.18095	-0.29054	0.65117	-0.26688	0.22732	0.064309	-0.29128	1	0.46487	-0.38307	-0.31157	0.39557	-0.0242	0.11567	-0.044433	0.16193	0.46487	1	-0.31576	-0.30376	-0.25257	-0.27011	0.40515	0.51073	-0.18095	-0.38307	-0.31576	1	0.7165	-0.35429	-0.45524	0.32627	0.6619	-0.29054	-0.31157	-0.30376	0.7165	1
