1	0.10697	0.022543	-0.12129	-0.57335	0.33462	-0.42293	-0.34537	-0.27841	0.10697	1	0.33183	-0.035885	0.37871	0.017669	-0.36629	-0.32283	0.54342	0.022543	0.33183	1	0.15309	0.3833	-0.015672	0.090255	0.23868	0.49846	-0.12129	-0.035885	0.15309	1	0.16288	-0.0091718	0.41427	-0.010678	-0.49164	-0.57335	0.37871	0.3833	0.16288	1	-0.082216	0.14947	0.45847	0.36468	0.33462	0.017669	-0.015672	-0.0091718	-0.082216	1	-0.02567	-0.22775	-0.088506	-0.42293	-0.36629	0.090255	0.41427	0.14947	-0.02567	1	0.55667	-0.18822	-0.34537	-0.32283	0.23868	-0.010678	0.45847	-0.22775	0.55667	1	0.033109	-0.27841	0.54342	0.49846	-0.49164	0.36468	-0.088506	-0.18822	0.033109	1
