1	0.51206	-0.20468	0.44318	-0.035175	0.35982	0.35613	0.048067	-0.37176	0.51206	1	-0.53625	0.058277	0.24897	-0.21667	-0.0084374	0.074351	-0.090384	-0.20468	-0.53625	1	0.057966	-0.27615	-0.12519	0.27023	0.076156	-0.17053	0.44318	0.058277	0.057966	1	-0.20315	-0.11848	0.23267	0.4446	-0.54404	-0.035175	0.24897	-0.27615	-0.20315	1	0.23046	-0.76498	-0.1407	0.57507	0.35982	-0.21667	-0.12519	-0.11848	0.23046	1	-0.088428	-0.34141	0.42253	0.35613	-0.0084374	0.27023	0.23267	-0.76498	-0.088428	1	0.32873	-0.75822	0.048067	0.074351	0.076156	0.4446	-0.1407	-0.34141	0.32873	1	-0.59797	-0.37176	-0.090384	-0.17053	-0.54404	0.57507	0.42253	-0.75822	-0.59797	1
