1	0.66369	0.56337	0.30923	0.10148	0.30607	0.013686	0.20606	0.43939	0.66369	1	0.5666	0.094158	0.53899	0.072634	0.051844	0.11543	0.11701	0.56337	0.5666	1	-0.0075266	0.46269	0.31133	0.033828	0.20002	-0.21121	0.30923	0.094158	-0.0075266	1	0.013252	0.33541	0.47113	0.14652	0.069873	0.10148	0.53899	0.46269	0.013252	1	0.30538	-0.035803	0.27313	-0.44101	0.30607	0.072634	0.31133	0.33541	0.30538	1	-0.0025033	0.26149	-0.40137	0.013686	0.051844	0.033828	0.47113	-0.035803	-0.0025033	1	-0.61857	0.045919	0.20606	0.11543	0.20002	0.14652	0.27313	0.26149	-0.61857	1	-0.26665	0.43939	0.11701	-0.21121	0.069873	-0.44101	-0.40137	0.045919	-0.26665	1
