1	0.34662	0.3033	0.19072	0.43579	-0.53554	-0.52668	-0.37579	-0.58136	0.34662	1	0.28376	-0.19175	0.022857	-0.016313	-0.57697	0.24172	-0.48946	0.3033	0.28376	1	-0.11349	0.17161	-0.38964	-0.41975	-0.010032	-0.15965	0.19072	-0.19175	-0.11349	1	0.62456	0.073265	-0.11628	-0.41306	0.29856	0.43579	0.022857	0.17161	0.62456	1	-0.21934	-0.058851	0.10057	-0.075643	-0.53554	-0.016313	-0.38964	0.073265	-0.21934	1	0.4757	0.19287	0.56357	-0.52668	-0.57697	-0.41975	-0.11628	-0.058851	0.4757	1	0.37805	0.38318	-0.37579	0.24172	-0.010032	-0.41306	0.10057	0.19287	0.37805	1	-0.1524	-0.58136	-0.48946	-0.15965	0.29856	-0.075643	0.56357	0.38318	-0.1524	1
