1	0.027921	0.46344	-0.30774	-0.13181	0.18518	0.20988	0.22749	0.003115	0.027921	1	-0.52688	0.092955	0.34997	0.23108	-0.52549	0.17284	-0.11051	0.46344	-0.52688	1	-0.72561	-0.11163	0.048599	0.34261	0.060063	-0.25535	-0.30774	0.092955	-0.72561	1	0.18317	-0.37125	-0.11479	0.13494	0.70283	-0.13181	0.34997	-0.11163	0.18317	1	-0.47781	-0.40171	0.06259	0.44823	0.18518	0.23108	0.048599	-0.37125	-0.47781	1	0.059621	-0.062449	-0.68441	0.20988	-0.52549	0.34261	-0.11479	-0.40171	0.059621	1	-0.11692	0.093847	0.22749	0.17284	0.060063	0.13494	0.06259	-0.062449	-0.11692	1	-0.12966	0.003115	-0.11051	-0.25535	0.70283	0.44823	-0.68441	0.093847	-0.12966	1
