1	0.059624	0.49231	-0.2711	-0.030051	-0.24026	-0.29049	0.094486	-0.51101	0.059624	1	0.049232	0.23512	0.13442	-0.23341	-0.026008	-0.45936	0.021073	0.49231	0.049232	1	0.11463	0.18953	-0.55147	0.11274	-0.14187	-0.88888	-0.2711	0.23512	0.11463	1	0.79094	-0.13095	0.42259	-0.080985	-0.073649	-0.030051	0.13442	0.18953	0.79094	1	0.094953	0.16817	0.027961	-0.25811	-0.24026	-0.23341	-0.55147	-0.13095	0.094953	1	-0.11688	0.11913	0.46607	-0.29049	-0.026008	0.11274	0.42259	0.16817	-0.11688	1	-0.67369	-0.13003	0.094486	-0.45936	-0.14187	-0.080985	0.027961	0.11913	-0.67369	1	0.16495	-0.51101	0.021073	-0.88888	-0.073649	-0.25811	0.46607	-0.13003	0.16495	1
