1	0.28409	-0.095475	0.58395	-0.061977	0.03116	0.16331	0.56101	0.53758	0.28409	1	-0.37459	0.5529	0.20504	-0.25061	0.30597	0.50929	-0.0051741	-0.095475	-0.37459	1	-0.25503	-0.47725	0.74962	-0.69313	-0.73417	-0.46631	0.58395	0.5529	-0.25503	1	-0.054286	-0.24827	0.32382	0.44164	0.32413	-0.061977	0.20504	-0.47725	-0.054286	1	-0.37631	0.69933	0.13485	0.24578	0.03116	-0.25061	0.74962	-0.24827	-0.37631	1	-0.80654	-0.42186	-0.50948	0.16331	0.30597	-0.69313	0.32382	0.69933	-0.80654	1	0.41867	0.45862	0.56101	0.50929	-0.73417	0.44164	0.13485	-0.42186	0.41867	1	0.46849	0.53758	-0.0051741	-0.46631	0.32413	0.24578	-0.50948	0.45862	0.46849	1
