1	-0.021035	0.00066657	-0.0557	0.073421	0.34617	0.42722	-0.30897	0.31523	-0.021035	1	-0.02125	0.42949	0.025442	-0.22282	-0.29592	-0.54465	-0.78491	0.00066657	-0.02125	1	0.41828	-0.68704	-0.01023	0.066713	0.30422	-0.25036	-0.0557	0.42949	0.41828	1	-0.04888	0.013491	-0.13218	-0.14848	-0.75562	0.073421	0.025442	-0.68704	-0.04888	1	0.42248	0.30775	0.022843	0.16994	0.34617	-0.22282	-0.01023	0.013491	0.42248	1	0.8199	0.044167	0.37402	0.42722	-0.29592	0.066713	-0.13218	0.30775	0.8199	1	0.2837	0.40738	-0.30897	-0.54465	0.30422	-0.14848	0.022843	0.044167	0.2837	1	0.28926	0.31523	-0.78491	-0.25036	-0.75562	0.16994	0.37402	0.40738	0.28926	1
