1	-0.04495	-0.030986	0.03092	-0.53642	-0.21718	-0.078781	0.31202	0.53785	-0.04495	1	0.20903	-0.41041	-0.12707	-0.39491	-0.049431	-0.24286	0.088769	-0.030986	0.20903	1	-0.69866	-0.46635	0.060372	0.21167	-0.4787	0.16951	0.03092	-0.41041	-0.69866	1	0.34297	-0.26719	0.31233	0.21345	-0.0027777	-0.53642	-0.12707	-0.46635	0.34297	1	-0.046046	-0.29163	0.060789	-0.70579	-0.21718	-0.39491	0.060372	-0.26719	-0.046046	1	-0.11217	-0.053132	-0.22327	-0.078781	-0.049431	0.21167	0.31233	-0.29163	-0.11217	1	-0.35647	0.57783	0.31202	-0.24286	-0.4787	0.21345	0.060789	-0.053132	-0.35647	1	0.1124	0.53785	0.088769	0.16951	-0.0027777	-0.70579	-0.22327	0.57783	0.1124	1
