1	-0.21454	0.20204	-0.16095	-0.22582	-0.36003	0.21055	0.41443	-0.098144	-0.21454	1	0.15848	-0.21956	0.46594	-0.061053	0.088403	0.1339	0.60461	0.20204	0.15848	1	0.44953	0.11897	0.19382	-0.29931	0.22633	0.44312	-0.16095	-0.21956	0.44953	1	-0.42495	0.858	-0.23769	0.015621	0.13949	-0.22582	0.46594	0.11897	-0.42495	1	-0.52144	-0.16633	-0.23371	0.036681	-0.36003	-0.061053	0.19382	0.858	-0.52144	1	-0.34927	0.074146	0.18877	0.21055	0.088403	-0.29931	-0.23769	-0.16633	-0.34927	1	-0.32472	0.10839	0.41443	0.1339	0.22633	0.015621	-0.23371	0.074146	-0.32472	1	0.23785	-0.098144	0.60461	0.44312	0.13949	0.036681	0.18877	0.10839	0.23785	1
