1	-0.11032	-0.19188	0.55244	0.47277	0.66569	-0.20952	-0.28365	-0.29179	-0.11032	1	0.23748	-0.37863	-0.25056	-0.19644	0.2377	-0.050087	-0.043299	-0.19188	0.23748	1	-0.16192	-0.14825	-0.5563	0.35556	-0.031023	0.71152	0.55244	-0.37863	-0.16192	1	0.46577	0.34518	0.023644	0.1569	-0.025514	0.47277	-0.25056	-0.14825	0.46577	1	0.43417	-0.11074	0.088269	-0.15986	0.66569	-0.19644	-0.5563	0.34518	0.43417	1	0.13713	-0.27139	-0.48948	-0.20952	0.2377	0.35556	0.023644	-0.11074	0.13713	1	0.0072184	0.29348	-0.28365	-0.050087	-0.031023	0.1569	0.088269	-0.27139	0.0072184	1	-0.20081	-0.29179	-0.043299	0.71152	-0.025514	-0.15986	-0.48948	0.29348	-0.20081	1
