1	-0.69255	-0.17299	0.40169	0.1151	-0.60029	-0.19244	0.18837	-0.5251	-0.69255	1	-0.055425	-0.58845	-0.35774	0.57576	0.27464	-0.092995	0.42479	-0.17299	-0.055425	1	0.12112	0.056557	0.19269	0.35946	0.45027	0.33514	0.40169	-0.58845	0.12112	1	0.3832	-0.28858	0.082231	0.30471	-0.06843	0.1151	-0.35774	0.056557	0.3832	1	-0.042209	-0.32344	0.26524	-0.0082366	-0.60029	0.57576	0.19269	-0.28858	-0.042209	1	0.59064	0.032947	0.91303	-0.19244	0.27464	0.35946	0.082231	-0.32344	0.59064	1	0.21996	0.60751	0.18837	-0.092995	0.45027	0.30471	0.26524	0.032947	0.21996	1	0.2383	-0.5251	0.42479	0.33514	-0.06843	-0.0082366	0.91303	0.60751	0.2383	1
