1	-0.41798	-0.11449	0.18784	-0.59969	0.22031	0.093765	0.21828	0.037746	-0.41798	1	0.56599	0.15926	0.15623	0.17794	0.025657	-0.22671	-0.16103	-0.11449	0.56599	1	0.62742	0.14199	0.15372	0.43153	0.19574	0.35161	0.18784	0.15926	0.62742	1	-0.19238	-0.26188	0.67061	0.13075	0.10685	-0.59969	0.15623	0.14199	-0.19238	1	0.11396	-0.15759	-0.46873	0.11139	0.22031	0.17794	0.15372	-0.26188	0.11396	1	-0.5972	0.29621	0.29751	0.093765	0.025657	0.43153	0.67061	-0.15759	-0.5972	1	-0.1433	0.14378	0.21828	-0.22671	0.19574	0.13075	-0.46873	0.29621	-0.1433	1	0.54166	0.037746	-0.16103	0.35161	0.10685	0.11139	0.29751	0.14378	0.54166	1
