1	0.41432	-0.28527	0.5487	-0.21806	0.50624	0.032281	-0.23579	0.57348	0.41432	1	0.25314	0.17355	0.0072076	-0.025948	0.49283	-0.5903	-0.13176	-0.28527	0.25314	1	0.0080279	0.29576	-0.014253	0.47253	-0.16442	-0.54819	0.5487	0.17355	0.0080279	1	0.29146	0.55104	0.57724	-0.43798	0.31996	-0.21806	0.0072076	0.29576	0.29146	1	-0.20084	0.47899	-0.26618	0.22123	0.50624	-0.025948	-0.014253	0.55104	-0.20084	1	0.0048289	-0.24259	0.080541	0.032281	0.49283	0.47253	0.57724	0.47899	0.0048289	1	-0.56912	-0.21765	-0.23579	-0.5903	-0.16442	-0.43798	-0.26618	-0.24259	-0.56912	1	0.0068601	0.57348	-0.13176	-0.54819	0.31996	0.22123	0.080541	-0.21765	0.0068601	1
