1	0.42543	0.54832	-0.146	-0.044457	-0.31304	0.087349	-0.029306	-0.39323	0.42543	1	-0.12347	-0.42153	-0.10166	0.20981	0.64644	0.61144	-0.35338	0.54832	-0.12347	1	0.21892	0.38659	-0.0084894	-0.13814	-0.12126	-0.032515	-0.146	-0.42153	0.21892	1	0.45696	0.15674	-0.093627	-0.24266	0.62045	-0.044457	-0.10166	0.38659	0.45696	1	0.18223	-0.085951	-0.27961	0.32231	-0.31304	0.20981	-0.0084894	0.15674	0.18223	1	0.6447	0.56661	0.56164	0.087349	0.64644	-0.13814	-0.093627	-0.085951	0.6447	1	0.79155	0.34275	-0.029306	0.61144	-0.12126	-0.24266	-0.27961	0.56661	0.79155	1	0.053181	-0.39323	-0.35338	-0.032515	0.62045	0.32231	0.56164	0.34275	0.053181	1
