1	0.39593	0.35642	0.29481	0.26341	0.59611	-0.12146	-0.4488	-0.53113	0.39593	1	0.1218	0.14573	0.50433	0.43175	0.26984	-0.55296	0.062018	0.35642	0.1218	1	0.36542	0.0087228	0.58649	-0.10769	-0.039736	-0.45618	0.29481	0.14573	0.36542	1	0.25959	0.22801	-0.44057	-0.3478	-0.78104	0.26341	0.50433	0.0087228	0.25959	1	0.42607	-0.16317	-0.4013	-0.02484	0.59611	0.43175	0.58649	0.22801	0.42607	1	0.13109	0.027826	-0.2876	-0.12146	0.26984	-0.10769	-0.44057	-0.16317	0.13109	1	0.30481	0.32888	-0.4488	-0.55296	-0.039736	-0.3478	-0.4013	0.027826	0.30481	1	0.25443	-0.53113	0.062018	-0.45618	-0.78104	-0.02484	-0.2876	0.32888	0.25443	1
