1	0.20865	0.12525	0.71211	0.29565	-0.53904	0.55462	-0.40951	-0.34041	0.20865	1	0.68057	0.4435	0.17806	0.30232	0.050695	-0.5764	0.10799	0.12525	0.68057	1	0.11518	-0.23745	0.31374	-0.16166	-0.34344	-0.12236	0.71211	0.4435	0.11518	1	0.30851	-0.2792	0.49213	-0.40902	-0.17342	0.29565	0.17806	-0.23745	0.30851	1	-0.42857	0.66575	-0.12411	0.12256	-0.53904	0.30232	0.31374	-0.2792	-0.42857	1	-0.61031	0.19474	0.43059	0.55462	0.050695	-0.16166	0.49213	0.66575	-0.61031	1	-0.32087	-0.090772	-0.40951	-0.5764	-0.34344	-0.40902	-0.12411	0.19474	-0.32087	1	0.02782	-0.34041	0.10799	-0.12236	-0.17342	0.12256	0.43059	-0.090772	0.02782	1
