1	-0.04285	0.53516	-0.020472	0.0077429	-0.18401	-0.12614	0.50472	-0.10603	-0.04285	1	0.35891	0.77542	-0.35866	0.42383	-0.12021	-0.25568	-0.43125	0.53516	0.35891	1	0.074494	0.014225	-0.125	-0.17061	0.49754	-0.60178	-0.020472	0.77542	0.074494	1	-0.59272	0.44425	0.061328	-0.3254	-0.33121	0.0077429	-0.35866	0.014225	-0.59272	1	-0.36033	-0.34233	-0.2521	-0.026408	-0.18401	0.42383	-0.125	0.44425	-0.36033	1	0.042039	-0.27541	0.18959	-0.12614	-0.12021	-0.17061	0.061328	-0.34233	0.042039	1	-0.086203	0.53951	0.50472	-0.25568	0.49754	-0.3254	-0.2521	-0.27541	-0.086203	1	-0.064288	-0.10603	-0.43125	-0.60178	-0.33121	-0.026408	0.18959	0.53951	-0.064288	1
