1	-0.26502	0.51281	-0.46832	0.058694	0.083754	-0.32878	0.64718	-0.26059	-0.26502	1	-0.16952	-0.061836	-0.22601	0.24274	-0.60221	-0.35402	0.55441	0.51281	-0.16952	1	-0.25638	0.4701	0.43882	0.074221	0.71659	-0.51425	-0.46832	-0.061836	-0.25638	1	-0.12804	0.13411	0.38612	-0.56996	-0.10213	0.058694	-0.22601	0.4701	-0.12804	1	-0.1899	0.39491	0.22003	-0.63253	0.083754	0.24274	0.43882	0.13411	-0.1899	1	-0.15271	0.38605	0.27218	-0.32878	-0.60221	0.074221	0.38612	0.39491	-0.15271	1	-0.040071	-0.41176	0.64718	-0.35402	0.71659	-0.56996	0.22003	0.38605	-0.040071	1	-0.24914	-0.26059	0.55441	-0.51425	-0.10213	-0.63253	0.27218	-0.41176	-0.24914	1
