1	0.34676	0.27928	0.60925	0.13864	0.36926	0.11154	-0.21023	0.34273	0.34676	1	0.082748	-0.27315	0.085128	-0.24744	-0.33898	0.48062	0.31928	0.27928	0.082748	1	0.13404	-0.23339	0.011827	-0.19675	-0.35747	-0.52876	0.60925	-0.27315	0.13404	1	0.11781	0.5458	0.071297	-0.70989	0.23078	0.13864	0.085128	-0.23339	0.11781	1	-0.48577	-0.12768	0.33997	0.10024	0.36926	-0.24744	0.011827	0.5458	-0.48577	1	0.02175	-0.50257	0.22988	0.11154	-0.33898	-0.19675	0.071297	-0.12768	0.02175	1	-0.16466	-0.11676	-0.21023	0.48062	-0.35747	-0.70989	0.33997	-0.50257	-0.16466	1	0.27312	0.34273	0.31928	-0.52876	0.23078	0.10024	0.22988	-0.11676	0.27312	1
