1	0.46509	0.087636	-0.14903	0.38521	-0.39124	-0.010474	-0.23129	-0.048599	0.46509	1	0.11544	-0.38698	0.22177	-0.42366	0.36708	0.26685	-0.022208	0.087636	0.11544	1	-0.08691	-0.13042	0.075501	0.10384	0.26447	0.0028171	-0.14903	-0.38698	-0.08691	1	0.15778	-0.27382	-0.36625	0.17079	0.20536	0.38521	0.22177	-0.13042	0.15778	1	-0.13837	-0.2924	0.36533	0.67165	-0.39124	-0.42366	0.075501	-0.27382	-0.13837	1	0.021252	0.15279	0.33159	-0.010474	0.36708	0.10384	-0.36625	-0.2924	0.021252	1	-0.068036	-0.3502	-0.23129	0.26685	0.26447	0.17079	0.36533	0.15279	-0.068036	1	0.55456	-0.048599	-0.022208	0.0028171	0.20536	0.67165	0.33159	-0.3502	0.55456	1
