1	0.24176	0.16471	0.63368	0.16341	-0.69131	-0.17865	-0.18721	0.43597	0.24176	1	0.51331	0.65958	0.054523	-0.17972	0.41074	0.2205	-0.54197	0.16471	0.51331	1	0.31307	-0.39077	-0.23292	0.26358	0.15203	-0.094985	0.63368	0.65958	0.31307	1	0.26609	-0.29778	0.057646	-0.015813	-0.037884	0.16341	0.054523	-0.39077	0.26609	1	0.22865	-0.33866	-0.37424	-0.11262	-0.69131	-0.17972	-0.23292	-0.29778	0.22865	1	-0.2344	0.21661	-0.59394	-0.17865	0.41074	0.26358	0.057646	-0.33866	-0.2344	1	0.39835	-0.23488	-0.18721	0.2205	0.15203	-0.015813	-0.37424	0.21661	0.39835	1	-0.51821	0.43597	-0.54197	-0.094985	-0.037884	-0.11262	-0.59394	-0.23488	-0.51821	1
