1	0.31372	0.19286	0.5399	0.50385	0.1526	0.040432	0.21456	-0.071131	0.31372	1	-0.3032	0.13963	0.204	0.18513	-0.19852	-0.079135	0.4772	0.19286	-0.3032	1	0.28337	0.28736	0.26858	-0.17338	-0.027294	-0.19469	0.5399	0.13963	0.28337	1	0.15364	0.048204	0.015408	0.17044	-0.51737	0.50385	0.204	0.28736	0.15364	1	-0.018169	-0.25764	-0.17507	-0.051189	0.1526	0.18513	0.26858	0.048204	-0.018169	1	0.063601	0.048773	0.41984	0.040432	-0.19852	-0.17338	0.015408	-0.25764	0.063601	1	-0.54775	-0.49731	0.21456	-0.079135	-0.027294	0.17044	-0.17507	0.048773	-0.54775	1	0.27265	-0.071131	0.4772	-0.19469	-0.51737	-0.051189	0.41984	-0.49731	0.27265	1
