1	-0.18834	0.36137	-0.20645	0.55369	0.43006	-0.26788	0.27456	-0.60879	-0.18834	1	-0.002401	0.50268	-0.46452	-0.20491	-0.39063	0.011737	0.34603	0.36137	-0.002401	1	0.19341	0.27698	-0.48689	-0.27062	0.11332	-0.17807	-0.20645	0.50268	0.19341	1	-0.063644	-0.095406	-0.094823	0.24062	0.66689	0.55369	-0.46452	0.27698	-0.063644	1	0.4791	0.057739	0.40061	-0.39667	0.43006	-0.20491	-0.48689	-0.095406	0.4791	1	0.044402	0.33985	-0.25938	-0.26788	-0.39063	-0.27062	-0.094823	0.057739	0.044402	1	-0.35747	0.36234	0.27456	0.011737	0.11332	0.24062	0.40061	0.33985	-0.35747	1	-0.37979	-0.60879	0.34603	-0.17807	0.66689	-0.39667	-0.25938	0.36234	-0.37979	1
