1	-0.36357	-0.63046	-0.22855	-0.060623	-0.30612	-0.24943	0.78236	0.42494	-0.36357	1	-0.041903	0.1172	0.2718	-0.38584	0.62142	-0.53927	-0.59383	-0.63046	-0.041903	1	0.23725	-0.32337	0.58476	0.29601	-0.41909	0.025241	-0.22855	0.1172	0.23725	1	-0.32972	-0.34135	0.44042	-0.17086	-0.08386	-0.060623	0.2718	-0.32337	-0.32972	1	-0.38513	-0.030371	-0.027734	-0.43536	-0.30612	-0.38584	0.58476	-0.34135	-0.38513	1	-0.37707	-0.20526	0.36752	-0.24943	0.62142	0.29601	0.44042	-0.030371	-0.37707	1	-0.11448	-0.3152	0.78236	-0.53927	-0.41909	-0.17086	-0.027734	-0.20526	-0.11448	1	0.36535	0.42494	-0.59383	0.025241	-0.08386	-0.43536	0.36752	-0.3152	0.36535	1
