1	0.43972	-0.15258	-0.66457	0.28622	0.0021823	0.0527	0.14541	-0.14349	0.43972	1	0.24176	-0.51901	0.40173	-0.074212	0.49948	-0.037336	-0.069712	-0.15258	0.24176	1	0.19024	-0.12472	-0.16375	-0.016103	0.13036	0.46435	-0.66457	-0.51901	0.19024	1	-0.43031	-0.26979	-0.49045	-0.1	0.092366	0.28622	0.40173	-0.12472	-0.43031	1	0.27498	0.67009	-0.34134	-0.54904	0.0021823	-0.074212	-0.16375	-0.26979	0.27498	1	0.2206	-0.033437	-0.24504	0.0527	0.49948	-0.016103	-0.49045	0.67009	0.2206	1	-0.1269	-0.13379	0.14541	-0.037336	0.13036	-0.1	-0.34134	-0.033437	-0.1269	1	0.2619	-0.14349	-0.069712	0.46435	0.092366	-0.54904	-0.24504	-0.13379	0.2619	1
