1	-0.24943	-0.60725	0.21553	0.095941	0.23077	-0.23654	0.27872	0.26907	-0.24943	1	-0.13017	-0.48538	0.35084	0.19012	-0.3071	0.16083	0.34423	-0.60725	-0.13017	1	-0.31594	-0.028822	-0.60404	0.27384	-0.13473	-0.53858	0.21553	-0.48538	-0.31594	1	-0.38114	0.52566	0.23126	-0.017842	-0.32494	0.095941	0.35084	-0.028822	-0.38114	1	-0.27856	-0.26206	-0.50106	0.028266	0.23077	0.19012	-0.60404	0.52566	-0.27856	1	-0.061962	0.20456	0.27351	-0.23654	-0.3071	0.27384	0.23126	-0.26206	-0.061962	1	-0.47298	-0.043153	0.27872	0.16083	-0.13473	-0.017842	-0.50106	0.20456	-0.47298	1	0.087306	0.26907	0.34423	-0.53858	-0.32494	0.028266	0.27351	-0.043153	0.087306	1
