1	0.35352	-0.3203	0.30811	-0.32027	-0.45476	-0.0833	-0.22421	0.57547	0.35352	1	-0.097349	0.2523	-0.52293	0.20347	-0.35976	-0.5803	0.74239	-0.3203	-0.097349	1	0.11676	0.47464	0.50796	-0.062783	-0.02397	-0.29785	0.30811	0.2523	0.11676	1	-0.28617	0.18721	-0.12583	-0.20858	0.48189	-0.32027	-0.52293	0.47464	-0.28617	1	0.10886	0.57984	0.60584	-0.84953	-0.45476	0.20347	0.50796	0.18721	0.10886	1	-0.45159	-0.11883	-0.02222	-0.0833	-0.35976	-0.062783	-0.12583	0.57984	-0.45159	1	0.70507	-0.56655	-0.22421	-0.5803	-0.02397	-0.20858	0.60584	-0.11883	0.70507	1	-0.65521	0.57547	0.74239	-0.29785	0.48189	-0.84953	-0.02222	-0.56655	-0.65521	1
