1	0.8852	-0.043248	-0.16794	-0.48445	0.60938	0.24803	-0.10694	0.34659	0.8852	1	0.025603	-0.054636	-0.44417	0.81304	0.057186	0.015554	0.34966	-0.043248	0.025603	1	-0.26796	0.46364	-0.20573	-0.28141	0.00020027	0.33072	-0.16794	-0.054636	-0.26796	1	-0.10739	0.024972	-0.035351	-0.40296	-0.036748	-0.48445	-0.44417	0.46364	-0.10739	1	-0.43298	-0.1341	-0.014996	0.19696	0.60938	0.81304	-0.20573	0.024972	-0.43298	1	-0.19834	0.2992	0.32726	0.24803	0.057186	-0.28141	-0.035351	-0.1341	-0.19834	1	-0.039153	-0.45785	-0.10694	0.015554	0.00020027	-0.40296	-0.014996	0.2992	-0.039153	1	-0.30469	0.34659	0.34966	0.33072	-0.036748	0.19696	0.32726	-0.45785	-0.30469	1
