1	-0.43536	-0.29453	-0.34625	0.23223	-0.54927	-0.2114	-0.13259	0.094352	-0.43536	1	0.051319	0.020723	0.31632	0.35618	0.33128	0.58236	0.39765	-0.29453	0.051319	1	-0.27303	-0.12073	0.30636	0.10471	-0.34936	-0.23921	-0.34625	0.020723	-0.27303	1	-0.21301	-0.021599	-0.19105	0.071718	-0.38443	0.23223	0.31632	-0.12073	-0.21301	1	-0.47982	0.043087	0.46965	0.74475	-0.54927	0.35618	0.30636	-0.021599	-0.47982	1	0.35019	0.0003347	-0.2052	-0.2114	0.33128	0.10471	-0.19105	0.043087	0.35019	1	-0.083799	0.25091	-0.13259	0.58236	-0.34936	0.071718	0.46965	0.0003347	-0.083799	1	0.40799	0.094352	0.39765	-0.23921	-0.38443	0.74475	-0.2052	0.25091	0.40799	1
