1	-0.1455	-0.069581	0.66163	-0.52927	0.0079422	0.47049	0.2055	-0.1038	-0.1455	1	0.55025	-0.52455	0.40886	-0.3982	-0.59107	-0.026025	-0.057622	-0.069581	0.55025	1	-0.52323	0.70776	-0.53914	-0.57491	0.10993	-0.43489	0.66163	-0.52455	-0.52323	1	-0.54473	0.45761	0.70884	0.17247	-0.11306	-0.52927	0.40886	0.70776	-0.54473	1	-0.021572	-0.48088	-0.28796	-0.34835	0.0079422	-0.3982	-0.53914	0.45761	-0.021572	1	0.44385	-0.36206	0.34354	0.47049	-0.59107	-0.57491	0.70884	-0.48088	0.44385	1	-0.33858	-0.035653	0.2055	-0.026025	0.10993	0.17247	-0.28796	-0.36206	-0.33858	1	-0.22507	-0.1038	-0.057622	-0.43489	-0.11306	-0.34835	0.34354	-0.035653	-0.22507	1
