1	-0.23307	0.31207	0.075199	-0.39157	-0.35346	-0.38323	-0.049385	0.34103	-0.23307	1	0.29493	0.36027	-0.29685	-0.24199	0.22644	0.14315	0.025062	0.31207	0.29493	1	0.27367	-0.53072	-0.86712	0.32003	0.19582	0.2348	0.075199	0.36027	0.27367	1	-0.61224	-0.40859	-0.12705	-0.66949	0.062103	-0.39157	-0.29685	-0.53072	-0.61224	1	0.52807	0.19648	0.31558	-0.30113	-0.35346	-0.24199	-0.86712	-0.40859	0.52807	1	-0.29326	-0.1375	-0.19221	-0.38323	0.22644	0.32003	-0.12705	0.19648	-0.29326	1	0.3209	-0.23554	-0.049385	0.14315	0.19582	-0.66949	0.31558	-0.1375	0.3209	1	-0.33412	0.34103	0.025062	0.2348	0.062103	-0.30113	-0.19221	-0.23554	-0.33412	1
