1	0.53553	0.5839	-0.5338	0.105	-0.054715	0.24936	0.093251	0.50329	0.53553	1	0.0046559	-0.23187	-0.15105	-0.0021308	0.38771	0.28733	0.18125	0.5839	0.0046559	1	-0.50537	0.13681	-0.48123	0.15208	-0.11533	0.52041	-0.5338	-0.23187	-0.50537	1	-0.3256	0.10844	-0.3321	0.4188	-0.098495	0.105	-0.15105	0.13681	-0.3256	1	0.40229	-0.70619	-0.55145	-0.49487	-0.054715	-0.0021308	-0.48123	0.10844	0.40229	1	-0.47654	-0.26237	-0.18464	0.24936	0.38771	0.15208	-0.3321	-0.70619	-0.47654	1	0.12229	0.5166	0.093251	0.28733	-0.11533	0.4188	-0.55145	-0.26237	0.12229	1	0.17842	0.50329	0.18125	0.52041	-0.098495	-0.49487	-0.18464	0.5166	0.17842	1
