1	-0.16249	0.080625	0.18505	-0.69845	-0.23159	-0.022391	0.3597	-0.38469	-0.16249	1	0.74943	-0.054093	0.34626	0.0037197	0.10635	-0.49611	0.0699	0.080625	0.74943	1	0.014421	0.13504	-0.33035	-0.065263	-0.43896	-0.22806	0.18505	-0.054093	0.014421	1	-0.49673	-0.71084	-0.020722	-0.49166	0.053663	-0.69845	0.34626	0.13504	-0.49673	1	0.52391	-0.058297	0.012403	0.12545	-0.23159	0.0037197	-0.33035	-0.71084	0.52391	1	0.38877	0.57555	0.23498	-0.022391	0.10635	-0.065263	-0.020722	-0.058297	0.38877	1	0.016847	0.13359	0.3597	-0.49611	-0.43896	-0.49166	0.012403	0.57555	0.016847	1	-0.10664	-0.38469	0.0699	-0.22806	0.053663	0.12545	0.23498	0.13359	-0.10664	1
