1	-0.53784	-0.32605	-0.80866	0.24184	-0.079704	-0.71781	-0.7764	-0.22375	-0.53784	1	0.75744	0.56464	-0.22746	0.00082986	0.54065	0.28471	0.1627	-0.32605	0.75744	1	0.26249	-0.41052	0.37671	0.23635	0.22237	0.07794	-0.80866	0.56464	0.26249	1	-0.054396	-0.37228	0.79211	0.64409	-0.03765	0.24184	-0.22746	-0.41052	-0.054396	1	-0.428	-0.17937	-0.43211	-0.12757	-0.079704	0.00082986	0.37671	-0.37228	-0.428	1	-0.16035	0.12829	0.29562	-0.71781	0.54065	0.23635	0.79211	-0.17937	-0.16035	1	0.4819	-0.010839	-0.7764	0.28471	0.22237	0.64409	-0.43211	0.12829	0.4819	1	-0.20858	-0.22375	0.1627	0.07794	-0.03765	-0.12757	0.29562	-0.010839	-0.20858	1
