1	0.40909	0.2368	-0.11019	-0.36241	0.18605	-0.51374	-0.29742	0.18454	0.40909	1	-0.17649	-0.13578	-0.27938	-0.056958	-0.18164	0.19371	-0.081444	0.2368	-0.17649	1	-0.15373	0.09059	0.71175	-0.070847	-0.29714	-0.25336	-0.11019	-0.13578	-0.15373	1	0.099005	0.33959	0.30633	-0.061252	-0.2167	-0.36241	-0.27938	0.09059	0.099005	1	0.030365	0.5373	-0.062727	-0.51745	0.18605	-0.056958	0.71175	0.33959	0.030365	1	-0.09845	0.029666	-0.16486	-0.51374	-0.18164	-0.070847	0.30633	0.5373	-0.09845	1	-0.11317	-0.26948	-0.29742	0.19371	-0.29714	-0.061252	-0.062727	0.029666	-0.11317	1	0.12063	0.18454	-0.081444	-0.25336	-0.2167	-0.51745	-0.16486	-0.26948	0.12063	1
