1	-0.27884	0.15547	0.61537	-0.4272	-0.71168	-0.31342	0.21365	0.053452	-0.27884	1	-0.096421	-0.30291	0.58287	0.22988	0.0085113	-0.33281	-0.16592	0.15547	-0.096421	1	0.10488	0.17428	-0.68466	0.54642	0.28002	-0.33702	0.61537	-0.30291	0.10488	1	-0.37456	-0.31953	-0.32455	0.30353	0.65001	-0.4272	0.58287	0.17428	-0.37456	1	0.10116	-0.0062283	0.05113	-0.37213	-0.71168	0.22988	-0.68466	-0.31953	0.10116	1	-0.0084142	-0.19632	0.3294	-0.31342	0.0085113	0.54642	-0.32455	-0.0062283	-0.0084142	1	0.23479	-0.28636	0.21365	-0.33281	0.28002	0.30353	0.05113	-0.19632	0.23479	1	0.23334	0.053452	-0.16592	-0.33702	0.65001	-0.37213	0.3294	-0.28636	0.23334	1
