1	-0.48612	-0.24938	0.57216	-0.0098156	-0.55838	-0.058497	-0.35905	-0.33723	-0.48612	1	0.2452	-0.096184	-0.23258	0.35746	0.44256	0.22508	-0.096079	-0.24938	0.2452	1	0.10515	-0.50251	0.080093	0.40013	0.21722	0.045393	0.57216	-0.096184	0.10515	1	-0.037812	-0.13132	0.45268	-0.17641	-0.19494	-0.0098156	-0.23258	-0.50251	-0.037812	1	-0.31504	-0.094763	-0.059733	0.28412	-0.55838	0.35746	0.080093	-0.13132	-0.31504	1	-0.054881	0.68401	-0.12781	-0.058497	0.44256	0.40013	0.45268	-0.094763	-0.054881	1	-0.061624	-0.10836	-0.35905	0.22508	0.21722	-0.17641	-0.059733	0.68401	-0.061624	1	-0.20662	-0.33723	-0.096079	0.045393	-0.19494	0.28412	-0.12781	-0.10836	-0.20662	1
