1	0.53461	0.10106	0.13262	0.47395	0.1734	-0.27099	-0.26184	-0.39312	0.53461	1	0.46103	0.50571	0.20837	0.27253	-0.76662	0.0085197	-0.13948	0.10106	0.46103	1	0.35243	0.045848	-0.092425	-0.37479	-0.26363	-0.44659	0.13262	0.50571	0.35243	1	-0.17781	0.38336	-0.59976	0.20742	-0.27485	0.47395	0.20837	0.045848	-0.17781	1	-0.041476	0.052108	-0.77047	0.22557	0.1734	0.27253	-0.092425	0.38336	-0.041476	1	-0.21362	0.24396	0.051439	-0.27099	-0.76662	-0.37479	-0.59976	0.052108	-0.21362	1	-0.34034	0.012832	-0.26184	0.0085197	-0.26363	0.20742	-0.77047	0.24396	-0.34034	1	-0.062272	-0.39312	-0.13948	-0.44659	-0.27485	0.22557	0.051439	0.012832	-0.062272	1
