1	-0.39588	0.23188	0.82989	0.72146	-0.2025	-0.015012	-0.080315	-0.064107	-0.39588	1	0.1276	-0.32579	-0.52786	0.056765	0.18594	0.095945	0.52508	0.23188	0.1276	1	0.10747	0.08996	0.44737	-0.32932	-0.20275	-0.10634	0.82989	-0.32579	0.10747	1	0.56008	-0.086159	-0.084279	0.058623	-0.036101	0.72146	-0.52786	0.08996	0.56008	1	-0.028344	-0.52781	0.24884	-0.15208	-0.2025	0.056765	0.44737	-0.086159	-0.028344	1	-0.52864	0.19988	0.088751	-0.015012	0.18594	-0.32932	-0.084279	-0.52781	-0.52864	1	-0.25598	0.3248	-0.080315	0.095945	-0.20275	0.058623	0.24884	0.19988	-0.25598	1	0.17732	-0.064107	0.52508	-0.10634	-0.036101	-0.15208	0.088751	0.3248	0.17732	1
