1	0.4536	-0.24164	0.028279	-0.26417	-0.061499	-0.031361	-0.38086	-0.20186	0.4536	1	-0.43079	-0.27372	0.034386	0.16681	0.12781	-0.37535	-0.21002	-0.24164	-0.43079	1	0.69282	0.34232	-0.46531	0.047308	-0.42022	0.15937	0.028279	-0.27372	0.69282	1	0.48959	-0.31332	-0.18853	-0.37037	0.17849	-0.26417	0.034386	0.34232	0.48959	1	-0.057077	0.20882	-0.048512	-0.48628	-0.061499	0.16681	-0.46531	-0.31332	-0.057077	1	0.23636	0.45934	0.12107	-0.031361	0.12781	0.047308	-0.18853	0.20882	0.23636	1	0.37126	-0.13471	-0.38086	-0.37535	-0.42022	-0.37037	-0.048512	0.45934	0.37126	1	-0.0028998	-0.20186	-0.21002	0.15937	0.17849	-0.48628	0.12107	-0.13471	-0.0028998	1
