1	0.56473	-0.60609	-0.22468	0.42088	-0.42118	-0.051176	-0.19843	-0.57917	0.56473	1	-0.52792	-0.22363	0.70458	-0.65459	-0.17293	0.32041	-0.64923	-0.60609	-0.52792	1	0.394	-0.75277	0.24213	0.4483	-0.19938	0.81232	-0.22468	-0.22363	0.394	1	-0.32728	0.19583	0.37105	0.37626	0.61398	0.42088	0.70458	-0.75277	-0.32728	1	-0.4598	-0.26387	0.33124	-0.78264	-0.42118	-0.65459	0.24213	0.19583	-0.4598	1	0.027082	0.034596	0.49055	-0.051176	-0.17293	0.4483	0.37105	-0.26387	0.027082	1	-0.4124	0.22539	-0.19843	0.32041	-0.19938	0.37626	0.33124	0.034596	-0.4124	1	0.063693	-0.57917	-0.64923	0.81232	0.61398	-0.78264	0.49055	0.22539	0.063693	1
