1	0.41396	-0.11163	0.22011	0.5696	-0.10563	-0.065715	0.41793	0.34562	0.41396	1	0.36714	0.74835	0.47063	-0.25089	-0.23545	-0.13479	0.66387	-0.11163	0.36714	1	0.47863	-0.030217	-0.18228	0.20506	-0.21697	-0.036266	0.22011	0.74835	0.47863	1	0.043668	-0.4579	-0.29039	-0.29671	0.57105	0.5696	0.47063	-0.030217	0.043668	1	0.51053	-0.12818	0.40824	0.18096	-0.10563	-0.25089	-0.18228	-0.4579	0.51053	1	-0.10818	0.42969	-0.28711	-0.065715	-0.23545	0.20506	-0.29039	-0.12818	-0.10818	1	0.19427	-0.38961	0.41793	-0.13479	-0.21697	-0.29671	0.40824	0.42969	0.19427	1	-0.35666	0.34562	0.66387	-0.036266	0.57105	0.18096	-0.28711	-0.38961	-0.35666	1
