1	0.14252	0.084647	0.018788	0.43102	0.20747	-0.00057274	0.10521	0.12598	0.14252	1	-0.056776	0.36662	-0.038148	0.1188	-0.086664	0.23872	0.10519	0.084647	-0.056776	1	0.30669	0.24695	-0.24872	0.77897	-0.55546	-0.40177	0.018788	0.36662	0.30669	1	-0.23235	-0.46996	0.13474	-0.24865	-0.80622	0.43102	-0.038148	0.24695	-0.23235	1	-0.061653	0.33761	-0.083246	0.40001	0.20747	0.1188	-0.24872	-0.46996	-0.061653	1	-0.062755	0.10549	0.57029	-0.00057274	-0.086664	0.77897	0.13474	0.33761	-0.062755	1	-0.27377	-0.079732	0.10521	0.23872	-0.55546	-0.24865	-0.083246	0.10549	-0.27377	1	0.46033	0.12598	0.10519	-0.40177	-0.80622	0.40001	0.57029	-0.079732	0.46033	1
