1	0.2005	-0.22653	-0.493	-0.26003	0.57385	-0.050001	-0.11667	0.24438	0.2005	1	0.13922	-0.14239	0.31148	-0.021982	0.5771	0.00086146	0.10016	-0.22653	0.13922	1	0.66613	0.21956	0.094227	-0.302	-0.042868	-0.12253	-0.493	-0.14239	0.66613	1	0.33432	-0.13812	-0.51783	-0.051342	-0.47352	-0.26003	0.31148	0.21956	0.33432	1	-0.32563	0.22243	0.47592	-0.399	0.57385	-0.021982	0.094227	-0.13812	-0.32563	1	-0.20819	-0.57206	0.31723	-0.050001	0.5771	-0.302	-0.51783	0.22243	-0.20819	1	0.0053136	0.43233	-0.11667	0.00086146	-0.042868	-0.051342	0.47592	-0.57206	0.0053136	1	-0.25804	0.24438	0.10016	-0.12253	-0.47352	-0.399	0.31723	0.43233	-0.25804	1
