1	0.083177	0.10123	0.13055	0.023647	-0.23241	-0.36188	0.028769	0.46655	0.083177	1	0.18024	-0.575	-0.27488	0.23719	0.083946	0.015843	-0.20652	0.10123	0.18024	1	-0.42997	-0.10629	0.12526	0.44333	0.073687	0.12666	0.13055	-0.575	-0.42997	1	0.45096	-0.048493	-0.22696	-0.20498	0.13857	0.023647	-0.27488	-0.10629	0.45096	1	-0.015958	-0.11193	-0.66852	0.50983	-0.23241	0.23719	0.12526	-0.048493	-0.015958	1	0.44178	0.22435	0.20029	-0.36188	0.083946	0.44333	-0.22696	-0.11193	0.44178	1	0.38863	-0.22067	0.028769	0.015843	0.073687	-0.20498	-0.66852	0.22435	0.38863	1	-0.33208	0.46655	-0.20652	0.12666	0.13857	0.50983	0.20029	-0.22067	-0.33208	1
