1	-0.49319	-0.030465	-0.13149	-0.11787	0.4948	0.13864	0.29702	0.22057	-0.49319	1	-0.064923	0.071039	0.40721	-0.45958	-0.28839	-0.35913	-0.16764	-0.030465	-0.064923	1	0.45773	0.10224	0.22142	-0.052457	0.70525	-0.12124	-0.13149	0.071039	0.45773	1	0.25418	0.11864	-0.033934	0.54157	-0.23636	-0.11787	0.40721	0.10224	0.25418	1	0.17223	0.14258	-0.29412	0.38178	0.4948	-0.45958	0.22142	0.11864	0.17223	1	0.11807	0.37356	0.06405	0.13864	-0.28839	-0.052457	-0.033934	0.14258	0.11807	1	-0.024805	0.39184	0.29702	-0.35913	0.70525	0.54157	-0.29412	0.37356	-0.024805	1	-0.36498	0.22057	-0.16764	-0.12124	-0.23636	0.38178	0.06405	0.39184	-0.36498	1
