1	0.015346	-0.082921	-0.16174	-0.089759	0.18415	-0.05864	-0.10689	0.25422	0.015346	1	-0.17925	0.43283	-0.36087	0.13178	-0.22838	-0.2221	0.50908	-0.082921	-0.17925	1	-0.5336	0.27471	-0.34553	0.2183	0.20092	-0.68134	-0.16174	0.43283	-0.5336	1	-0.58672	0.19195	-0.30572	-0.38044	0.61273	-0.089759	-0.36087	0.27471	-0.58672	1	0.38597	0.1506	0.65922	-0.4995	0.18415	0.13178	-0.34553	0.19195	0.38597	1	0.1455	0.34863	0.28963	-0.05864	-0.22838	0.2183	-0.30572	0.1506	0.1455	1	0.56127	0.11124	-0.10689	-0.2221	0.20092	-0.38044	0.65922	0.34863	0.56127	1	-0.20589	0.25422	0.50908	-0.68134	0.61273	-0.4995	0.28963	0.11124	-0.20589	1
