1	-0.26556	0.069853	-0.52753	0.31564	0.26103	0.29907	-0.089564	0.093551	-0.26556	1	0.55269	-0.091896	0.22122	-0.27317	0.089148	0.55535	0.14231	0.069853	0.55269	1	0.11001	-0.073027	-0.38088	-0.31896	0.38045	0.39779	-0.52753	-0.091896	0.11001	1	-0.61703	-0.40431	-0.52217	0.27098	0.22914	0.31564	0.22122	-0.073027	-0.61703	1	0.72678	0.52667	0.26641	-0.1541	0.26103	-0.27317	-0.38088	-0.40431	0.72678	1	0.43031	-0.15633	-0.23557	0.29907	0.089148	-0.31896	-0.52217	0.52667	0.43031	1	0.11771	0.27016	-0.089564	0.55535	0.38045	0.27098	0.26641	-0.15633	0.11771	1	0.3936	0.093551	0.14231	0.39779	0.22914	-0.1541	-0.23557	0.27016	0.3936	1
