1	0.31759	-0.47115	-0.12866	0.42241	-0.051546	0.14629	-0.079235	0.52515	0.31759	1	-0.2564	0.17363	-0.13267	-0.095626	0.047674	0.17109	0.22782	-0.47115	-0.2564	1	-0.074315	-0.0014753	0.36003	-0.67525	0.67801	0.0088379	-0.12866	0.17363	-0.074315	1	-0.61046	0.25363	0.2021	0.21229	-0.41421	0.42241	-0.13267	-0.0014753	-0.61046	1	0.072518	-0.4282	-0.0088342	0.522	-0.051546	-0.095626	0.36003	0.25363	0.072518	1	-0.74554	0.17537	0.068959	0.14629	0.047674	-0.67525	0.2021	-0.4282	-0.74554	1	-0.43679	-0.29028	-0.079235	0.17109	0.67801	0.21229	-0.0088342	0.17537	-0.43679	1	0.10245	0.52515	0.22782	0.0088379	-0.41421	0.522	0.068959	-0.29028	0.10245	1
