1	-0.13778	0.27324	0.58176	0.058547	-0.13344	0.1819	0.37091	0.63533	-0.13778	1	0.35982	0.54138	-0.0034722	0.31904	0.058226	-0.096863	-0.44389	0.27324	0.35982	1	0.54172	-0.10449	0.2385	0.57738	0.12738	-0.017941	0.58176	0.54138	0.54172	1	0.13882	0.15001	0.39673	0.068837	0.20444	0.058547	-0.0034722	-0.10449	0.13882	1	-0.10259	0.26946	-0.65366	-0.2428	-0.13344	0.31904	0.2385	0.15001	-0.10259	1	-0.04757	0.24338	0.22241	0.1819	0.058226	0.57738	0.39673	0.26946	-0.04757	1	-0.30641	0.053584	0.37091	-0.096863	0.12738	0.068837	-0.65366	0.24338	-0.30641	1	0.69374	0.63533	-0.44389	-0.017941	0.20444	-0.2428	0.22241	0.053584	0.69374	1
