1	0.29201	-0.31943	0.01704	0.14327	-0.44045	0.34134	0.1763	0.00059965	0.29201	1	0.52023	0.30478	0.76218	-0.61061	0.061275	0.45007	0.39889	-0.31943	0.52023	1	0.5573	0.47214	-0.095955	-0.25195	0.33398	0.33038	0.01704	0.30478	0.5573	1	0.50705	0.047423	0.068388	0.333	0.64082	0.14327	0.76218	0.47214	0.50705	1	-0.45416	0.24785	0.41421	0.66441	-0.44045	-0.61061	-0.095955	0.047423	-0.45416	1	-0.17652	0.25268	0.0021028	0.34134	0.061275	-0.25195	0.068388	0.24785	-0.17652	1	-0.20022	0.29311	0.1763	0.45007	0.33398	0.333	0.41421	0.25268	-0.20022	1	0.47088	0.00059965	0.39889	0.33038	0.64082	0.66441	0.0021028	0.29311	0.47088	1
