1	-0.15283	-0.0086897	-0.15063	0.50928	-0.026071	-0.08517	0.25523	-0.11286	-0.15283	1	0.59183	-0.070679	0.57448	-0.040362	0.1438	0.42134	0.13577	-0.0086897	0.59183	1	0.28712	0.55881	0.26075	0.67556	0.13427	0.32474	-0.15063	-0.070679	0.28712	1	0.22697	0.49827	0.21912	0.46042	0.4825	0.50928	0.57448	0.55881	0.22697	1	0.28595	0.14438	0.57922	0.069692	-0.026071	-0.040362	0.26075	0.49827	0.28595	1	0.22361	0.24015	0.3294	-0.08517	0.1438	0.67556	0.21912	0.14438	0.22361	1	-0.21745	0.069981	0.25523	0.42134	0.13427	0.46042	0.57922	0.24015	-0.21745	1	0.47141	-0.11286	0.13577	0.32474	0.4825	0.069692	0.3294	0.069981	0.47141	1
