1	0.33829	-0.29055	-0.12377	0.26812	-0.48474	-0.1361	-0.61025	0.065317	0.33829	1	0.58803	-0.34802	0.5465	-0.54817	-0.12857	-0.13102	0.12974	-0.29055	0.58803	1	0.15447	0.33638	0.08285	0.081902	0.47506	0.17939	-0.12377	-0.34802	0.15447	1	0.018893	0.21807	-0.044584	0.41633	-0.19266	0.26812	0.5465	0.33638	0.018893	1	-0.65175	0.091982	-0.17264	-0.30454	-0.48474	-0.54817	0.08285	0.21807	-0.65175	1	0.154	0.51299	0.21007	-0.1361	-0.12857	0.081902	-0.044584	0.091982	0.154	1	-0.34689	-0.39284	-0.61025	-0.13102	0.47506	0.41633	-0.17264	0.51299	-0.34689	1	0.20461	0.065317	0.12974	0.17939	-0.19266	-0.30454	0.21007	-0.39284	0.20461	1
