1	-0.28194	0.32613	0.042193	0.48849	-0.19086	-0.60132	-0.13379	0.59657	-0.28194	1	0.3734	-0.19996	0.2276	0.22922	0.59199	-0.17785	-0.14822	0.32613	0.3734	1	-0.53538	0.86602	-0.021214	0.11455	0.11151	0.60188	0.042193	-0.19996	-0.53538	1	-0.27861	-0.26755	-0.32146	-0.48572	-0.15703	0.48849	0.2276	0.86602	-0.27861	1	-0.046676	-0.094643	0.066954	0.7408	-0.19086	0.22922	-0.021214	-0.26755	-0.046676	1	0.68823	-0.28377	-0.38385	-0.60132	0.59199	0.11455	-0.32146	-0.094643	0.68823	1	-0.10614	-0.52082	-0.13379	-0.17785	0.11151	-0.48572	0.066954	-0.28377	-0.10614	1	0.39371	0.59657	-0.14822	0.60188	-0.15703	0.7408	-0.38385	-0.52082	0.39371	1
