1	-0.67184	0.14572	0.0045342	0.23637	-0.60266	0.19152	-0.059952	0.42441	-0.67184	1	-0.030623	0.045192	-0.066647	0.19064	-0.25636	-0.062045	-0.13002	0.14572	-0.030623	1	0.09386	-0.14276	0.10881	-0.069977	0.58752	0.035333	0.0045342	0.045192	0.09386	1	-0.35808	0.046471	-0.32344	0.52443	0.05394	0.23637	-0.066647	-0.14276	-0.35808	1	-0.40232	0.73776	-0.66024	0.67125	-0.60266	0.19064	0.10881	0.046471	-0.40232	1	-0.33946	0.40185	-0.38047	0.19152	-0.25636	-0.069977	-0.32344	0.73776	-0.33946	1	-0.49034	0.38147	-0.059952	-0.062045	0.58752	0.52443	-0.66024	0.40185	-0.49034	1	-0.38233	0.42441	-0.13002	0.035333	0.05394	0.67125	-0.38047	0.38147	-0.38233	1
