1	-0.010201	0.34184	-0.099025	0.29579	-0.082182	0.38025	0.33761	0.13198	-0.010201	1	-0.16979	-0.22227	0.086065	-0.11299	0.13088	-0.22471	0.4702	0.34184	-0.16979	1	0.55391	0.48086	0.54505	0.21724	0.73543	0.032372	-0.099025	-0.22227	0.55391	1	0.085556	0.57214	-0.42132	0.35014	0.039428	0.29579	0.086065	0.48086	0.085556	1	0.39751	0.83135	0.59757	0.038585	-0.082182	-0.11299	0.54505	0.57214	0.39751	1	0.14383	0.45589	-0.099943	0.38025	0.13088	0.21724	-0.42132	0.83135	0.14383	1	0.46115	-0.022648	0.33761	-0.22471	0.73543	0.35014	0.59757	0.45589	0.46115	1	-0.029098	0.13198	0.4702	0.032372	0.039428	0.038585	-0.099943	-0.022648	-0.029098	1
