1	0.1686	-0.18804	-0.67494	-0.095796	0.06769	-0.62764	0.41728	0.017332	0.1686	1	-0.28202	-0.21312	-0.60803	0.61024	-0.038438	-0.20033	0.53289	-0.18804	-0.28202	1	0.4258	0.16497	-0.099167	0.28534	-0.5118	0.028423	-0.67494	-0.21312	0.4258	1	0.45186	-0.4194	0.74615	-0.30442	-0.016115	-0.095796	-0.60803	0.16497	0.45186	1	-0.5204	0.27219	0.38226	-0.42375	0.06769	0.61024	-0.099167	-0.4194	-0.5204	1	-0.2946	-0.31451	0.7436	-0.62764	-0.038438	0.28534	0.74615	0.27219	-0.2946	1	-0.49737	-0.11817	0.41728	-0.20033	-0.5118	-0.30442	0.38226	-0.31451	-0.49737	1	-0.38103	0.017332	0.53289	0.028423	-0.016115	-0.42375	0.7436	-0.11817	-0.38103	1
