1	-0.69194	-0.015918	-0.090107	0.45179	0.4885	0.17482	0.044065	0.0099006	-0.69194	1	0.13219	0.32453	-0.76938	-0.080966	0.38141	-0.17138	-0.28757	-0.015918	0.13219	1	0.17357	-0.40087	0.34641	0.55807	0.33528	-0.14225	-0.090107	0.32453	0.17357	1	-0.65124	0.0082326	0.27105	-0.5462	-0.12906	0.45179	-0.76938	-0.40087	-0.65124	1	0.11943	-0.37493	0.2777	0.24945	0.4885	-0.080966	0.34641	0.0082326	0.11943	1	0.56836	0.25205	-0.36001	0.17482	0.38141	0.55807	0.27105	-0.37493	0.56836	1	0.015539	-0.26072	0.044065	-0.17138	0.33528	-0.5462	0.2777	0.25205	0.015539	1	-0.39127	0.0099006	-0.28757	-0.14225	-0.12906	0.24945	-0.36001	-0.26072	-0.39127	1
