1	0.20921	-0.25144	-0.46135	0.22229	0.045027	0.48415	0.091935	0.00066664	0.20921	1	-0.16203	-0.19456	-0.12442	0.0024566	0.30883	-0.45199	-0.49198	-0.25144	-0.16203	1	0.11798	-0.12968	0.16147	-0.47232	0.093052	0.26414	-0.46135	-0.19456	0.11798	1	0.4092	-0.52899	-0.060461	0.28842	-0.020882	0.22229	-0.12442	-0.12968	0.4092	1	-0.6005	-0.19363	0.76369	0.28622	0.045027	0.0024566	0.16147	-0.52899	-0.6005	1	0.084092	-0.63722	-0.17901	0.48415	0.30883	-0.47232	-0.060461	-0.19363	0.084092	1	-0.29765	-0.28118	0.091935	-0.45199	0.093052	0.28842	0.76369	-0.63722	-0.29765	1	0.67504	0.00066664	-0.49198	0.26414	-0.020882	0.28622	-0.17901	-0.28118	0.67504	1
