1	-0.39586	-0.12591	0.23466	0.62598	0.066694	0.2844	-0.28306	-0.047342	-0.39586	1	-0.28058	-0.53367	-0.57483	-0.45519	-0.042433	0.011967	0.10655	-0.12591	-0.28058	1	0.27872	-0.40042	0.73124	0.51636	0.36347	0.51373	0.23466	-0.53367	0.27872	1	0.30815	0.26542	0.22834	0.11269	0.17673	0.62598	-0.57483	-0.40042	0.30815	1	-0.15865	-0.31009	-0.15636	-0.38487	0.066694	-0.45519	0.73124	0.26542	-0.15865	1	0.45198	0.042808	0.48565	0.2844	-0.042433	0.51636	0.22834	-0.31009	0.45198	1	-0.22949	0.32018	-0.28306	0.011967	0.36347	0.11269	-0.15636	0.042808	-0.22949	1	0.20316	-0.047342	0.10655	0.51373	0.17673	-0.38487	0.48565	0.32018	0.20316	1
