1	-0.44471	-0.42515	0.25287	-0.1967	0.65157	-0.18745	0.20638	-0.45686	-0.44471	1	-0.067133	-0.065842	0.084384	-0.82799	-0.091198	0.078906	0.44735	-0.42515	-0.067133	1	-0.15266	0.57398	-0.25244	0.71996	-0.11092	-0.04425	0.25287	-0.065842	-0.15266	1	-0.61169	0.31189	-0.47668	0.05548	-0.39975	-0.1967	0.084384	0.57398	-0.61169	1	-0.3207	0.62314	0.40821	-0.024945	0.65157	-0.82799	-0.25244	0.31189	-0.3207	1	-0.091122	0.14783	-0.54829	-0.18745	-0.091198	0.71996	-0.47668	0.62314	-0.091122	1	0.052417	0.24319	0.20638	0.078906	-0.11092	0.05548	0.40821	0.14783	0.052417	1	-0.42403	-0.45686	0.44735	-0.04425	-0.39975	-0.024945	-0.54829	0.24319	-0.42403	1
