1	0.17636	0.40516	0.01317	0.47487	0.15557	-0.62474	-0.22922	0.38252	0.17636	1	0.22313	-0.65037	0.34347	-0.34845	0.028437	0.42503	0.42	0.40516	0.22313	1	-0.55271	0.40077	-0.20481	0.11531	-0.5315	0.28111	0.01317	-0.65037	-0.55271	1	-0.14237	0.40566	-0.28677	-0.10218	-0.57235	0.47487	0.34347	0.40077	-0.14237	1	0.11096	-0.51908	-0.097028	0.53057	0.15557	-0.34845	-0.20481	0.40566	0.11096	1	-0.34636	-0.35833	-0.20877	-0.62474	0.028437	0.11531	-0.28677	-0.51908	-0.34636	1	0.13865	-0.47787	-0.22922	0.42503	-0.5315	-0.10218	-0.097028	-0.35833	0.13865	1	0.18865	0.38252	0.42	0.28111	-0.57235	0.53057	-0.20877	-0.47787	0.18865	1
