1	-0.0012815	-0.10006	-0.042765	-0.029903	-0.19187	0.090887	-0.40787	0.039443	-0.0012815	1	-0.060523	-0.49334	-0.13427	-0.64882	-0.11613	-0.18804	0.51127	-0.10006	-0.060523	1	0.73902	-0.24166	0.23161	0.56903	0.23001	-0.14455	-0.042765	-0.49334	0.73902	1	-0.17406	0.51026	0.56505	0.12023	-0.48232	-0.029903	-0.13427	-0.24166	-0.17406	1	0.60689	0.274	-0.53774	-0.3093	-0.19187	-0.64882	0.23161	0.51026	0.60689	1	0.57765	-0.26463	-0.50968	0.090887	-0.11613	0.56903	0.56505	0.274	0.57765	1	-0.26617	-0.22481	-0.40787	-0.18804	0.23001	0.12023	-0.53774	-0.26463	-0.26617	1	-0.13508	0.039443	0.51127	-0.14455	-0.48232	-0.3093	-0.50968	-0.22481	-0.13508	1
