1	0.7596	-0.60129	0.33842	-0.086169	0.4073	0.62843	0.11176	-0.22139	0.7596	1	-0.20054	0.23287	0.11449	0.20646	0.42637	0.00036976	-0.25789	-0.60129	-0.20054	1	-0.26716	0.43974	-0.23656	-0.60104	-0.26228	0.58171	0.33842	0.23287	-0.26716	1	-0.22379	0.43538	0.15663	-0.31673	-0.06532	-0.086169	0.11449	0.43974	-0.22379	1	0.35371	0.14074	0.066738	-0.075077	0.4073	0.20646	-0.23656	0.43538	0.35371	1	0.15335	-0.19203	0.072791	0.62843	0.42637	-0.60104	0.15663	0.14074	0.15335	1	0.2374	-0.6516	0.11176	0.00036976	-0.26228	-0.31673	0.066738	-0.19203	0.2374	1	-0.28503	-0.22139	-0.25789	0.58171	-0.06532	-0.075077	0.072791	-0.6516	-0.28503	1
