1	0.65334	-0.012139	0.037453	0.51446	0.49214	-0.31348	0.16995	-0.26507	0.65334	1	0.30109	0.048014	0.651	0.22945	0.11124	0.2292	0.14501	-0.012139	0.30109	1	0.048173	-0.12065	-0.38942	0.50032	0.063733	-0.15842	0.037453	0.048014	0.048173	1	-0.17676	-0.044282	-0.34958	-0.00040156	0.12559	0.51446	0.651	-0.12065	-0.17676	1	0.18198	-0.031454	0.23217	0.53985	0.49214	0.22945	-0.38942	-0.044282	0.18198	1	-0.61968	-0.18841	-0.26704	-0.31348	0.11124	0.50032	-0.34958	-0.031454	-0.61968	1	0.52666	0.083142	0.16995	0.2292	0.063733	-0.00040156	0.23217	-0.18841	0.52666	1	0.20667	-0.26507	0.14501	-0.15842	0.12559	0.53985	-0.26704	0.083142	0.20667	1
