1	-0.050907	0.40612	0.22705	0.29424	0.11476	-0.41545	0.024931	0.24613	-0.050907	1	0.13861	0.17195	0.47055	0.29716	-0.21947	-0.10436	0.20129	0.40612	0.13861	1	0.015071	0.50951	0.83012	-0.066614	0.60376	-0.017065	0.22705	0.17195	0.015071	1	0.61238	-0.27911	-0.45014	-0.38979	0.44838	0.29424	0.47055	0.50951	0.61238	1	0.26641	-0.36399	0.080059	0.33918	0.11476	0.29716	0.83012	-0.27911	0.26641	1	-0.020308	0.45494	0.028313	-0.41545	-0.21947	-0.066614	-0.45014	-0.36399	-0.020308	1	0.50135	-0.43147	0.024931	-0.10436	0.60376	-0.38979	0.080059	0.45494	0.50135	1	-0.6092	0.24613	0.20129	-0.017065	0.44838	0.33918	0.028313	-0.43147	-0.6092	1
