1	0.16788	-0.41327	-0.068304	0.076701	-0.35762	-0.27931	0.04973	-0.16363	0.16788	1	-0.20767	-0.1247	0.82053	-0.77446	-0.040207	-0.077966	0.26487	-0.41327	-0.20767	1	0.077318	-0.14308	0.29035	0.35499	-0.28979	0.30569	-0.068304	-0.1247	0.077318	1	0.24777	0.28481	-0.10313	-0.37659	0.056214	0.076701	0.82053	-0.14308	0.24777	1	-0.34109	0.052496	-0.21036	0.35839	-0.35762	-0.77446	0.29035	0.28481	-0.34109	1	0.22437	-0.058467	0.024051	-0.27931	-0.040207	0.35499	-0.10313	0.052496	0.22437	1	-0.60195	0.63728	0.04973	-0.077966	-0.28979	-0.37659	-0.21036	-0.058467	-0.60195	1	-0.68516	-0.16363	0.26487	0.30569	0.056214	0.35839	0.024051	0.63728	-0.68516	1
