1	-0.44775	-0.10046	0.38599	-0.31171	-0.14522	-0.0041766	0.4669	0.23432	-0.44775	1	-0.53401	0.36365	-0.0010627	0.40948	-0.47965	-0.089186	-0.092342	-0.10046	-0.53401	1	-0.20093	-0.20612	-0.46526	0.31802	-0.33339	0.076528	0.38599	0.36365	-0.20093	1	-0.54097	0.0081548	-0.32886	0.28995	-0.19189	-0.31171	-0.0010627	-0.20612	-0.54097	1	0.34364	0.44839	0.16098	-0.10126	-0.14522	0.40948	-0.46526	0.0081548	0.34364	1	0.35422	0.34193	0.24436	-0.0041766	-0.47965	0.31802	-0.32886	0.44839	0.35422	1	0.29169	0.047254	0.4669	-0.089186	-0.33339	0.28995	0.16098	0.34193	0.29169	1	0.25154	0.23432	-0.092342	0.076528	-0.19189	-0.10126	0.24436	0.047254	0.25154	1
