1	-0.12713	0.48907	0.34925	0.18933	0.46725	-0.26838	0.25549	-0.0042729	-0.12713	1	0.19101	0.41197	-0.013185	-0.10625	-0.33859	-0.06822	0.091322	0.48907	0.19101	1	0.061544	0.23221	0.27751	-0.44599	0.077698	0.0013649	0.34925	0.41197	0.061544	1	0.065006	-0.16603	-0.013146	-0.37066	0.14426	0.18933	-0.013185	0.23221	0.065006	1	0.27626	-0.41001	0.40417	-0.88264	0.46725	-0.10625	0.27751	-0.16603	0.27626	1	-0.25174	0.47364	-0.16877	-0.26838	-0.33859	-0.44599	-0.013146	-0.41001	-0.25174	1	-0.58468	0.21834	0.25549	-0.06822	0.077698	-0.37066	0.40417	0.47364	-0.58468	1	-0.4655	-0.0042729	0.091322	0.0013649	0.14426	-0.88264	-0.16877	0.21834	-0.4655	1
