1	-0.49752	-0.072955	0.29152	-0.26162	-0.44705	-0.38459	-0.11174	0.13338	-0.49752	1	0.55215	-0.071263	0.5093	0.27415	0.0067847	-0.15354	-0.43236	-0.072955	0.55215	1	0.096385	0.61583	0.18416	-0.29541	0.23426	-0.46968	0.29152	-0.071263	0.096385	1	0.33018	0.10502	-0.17784	0.52465	-0.11842	-0.26162	0.5093	0.61583	0.33018	1	0.18361	-0.44207	0.31247	-0.2641	-0.44705	0.27415	0.18416	0.10502	0.18361	1	-0.22027	0.44572	0.39868	-0.38459	0.0067847	-0.29541	-0.17784	-0.44207	-0.22027	1	-0.30794	-0.24896	-0.11174	-0.15354	0.23426	0.52465	0.31247	0.44572	-0.30794	1	-0.032961	0.13338	-0.43236	-0.46968	-0.11842	-0.2641	0.39868	-0.24896	-0.032961	1
