1	0.30298	-0.21398	0.22692	-0.27181	0.086894	-0.065675	-0.053804	-0.50448	0.30298	1	0.19014	0.21641	-0.64343	-0.10205	-0.35719	-0.23391	-0.31142	-0.21398	0.19014	1	0.3236	0.21997	-0.23869	-0.33902	0.17877	0.47342	0.22692	0.21641	0.3236	1	0.21727	-0.32389	0.1427	-0.17713	-0.19976	-0.27181	-0.64343	0.21997	0.21727	1	-0.28456	0.69118	0.24814	0.34163	0.086894	-0.10205	-0.23869	-0.32389	-0.28456	1	-0.32454	-0.40481	-0.10673	-0.065675	-0.35719	-0.33902	0.1427	0.69118	-0.32454	1	0.027832	-0.17841	-0.053804	-0.23391	0.17877	-0.17713	0.24814	-0.40481	0.027832	1	0.2738	-0.50448	-0.31142	0.47342	-0.19976	0.34163	-0.10673	-0.17841	0.2738	1
