1	-0.30179	0.33218	0.1288	0.081138	-0.43025	-0.2573	-0.37882	0.00072016	-0.30179	1	0.015556	-0.35302	-0.015177	0.47614	0.0028625	0.54151	-0.33611	0.33218	0.015556	1	0.048608	0.15167	0.17655	-0.64918	-0.096505	0.11912	0.1288	-0.35302	0.048608	1	0.68748	-0.027692	-0.047451	-0.3158	-0.27701	0.081138	-0.015177	0.15167	0.68748	1	0.11932	0.082941	-0.1893	-0.39986	-0.43025	0.47614	0.17655	-0.027692	0.11932	1	-0.29634	0.75428	-0.56478	-0.2573	0.0028625	-0.64918	-0.047451	0.082941	-0.29634	1	-0.23436	-0.0090919	-0.37882	0.54151	-0.096505	-0.3158	-0.1893	0.75428	-0.23436	1	-0.57102	0.00072016	-0.33611	0.11912	-0.27701	-0.39986	-0.56478	-0.0090919	-0.57102	1
