1	-0.66891	-0.16557	0.1157	-0.23113	0.19685	0.23903	0.41914	-0.073264	-0.66891	1	-0.10821	0.33871	-0.23484	-0.48262	-0.39464	-0.29602	-0.47764	-0.16557	-0.10821	1	-0.19452	-0.1954	0.59662	0.58477	-0.55814	0.14488	0.1157	0.33871	-0.19452	1	-0.49309	-0.13467	-0.27312	0.15061	-0.22409	-0.23113	-0.23484	-0.1954	-0.49309	1	0.045523	-0.10031	0.090823	0.42529	0.19685	-0.48262	0.59662	-0.13467	0.045523	1	0.59268	-0.37442	0.61658	0.23903	-0.39464	0.58477	-0.27312	-0.10031	0.59268	1	-0.53604	0.2154	0.41914	-0.29602	-0.55814	0.15061	0.090823	-0.37442	-0.53604	1	-0.072514	-0.073264	-0.47764	0.14488	-0.22409	0.42529	0.61658	0.2154	-0.072514	1
