1	0.092103	0.28832	0.02119	0.010609	0.031271	0.2049	0.27586	0.322	0.092103	1	0.13573	-0.18668	-0.37644	0.58096	0.032308	0.1418	0.074921	0.28832	0.13573	1	-0.20812	-0.37058	0.49351	0.11227	0.082263	0.28493	0.02119	-0.18668	-0.20812	1	0.67144	-0.3054	0.34992	-0.12153	-0.42039	0.010609	-0.37644	-0.37058	0.67144	1	-0.47957	0.0088942	-0.049058	-0.44297	0.031271	0.58096	0.49351	-0.3054	-0.47957	1	0.179	-0.31783	0.06695	0.2049	0.032308	0.11227	0.34992	0.0088942	0.179	1	-0.19413	-0.1544	0.27586	0.1418	0.082263	-0.12153	-0.049058	-0.31783	-0.19413	1	0.63665	0.322	0.074921	0.28493	-0.42039	-0.44297	0.06695	-0.1544	0.63665	1
