1	0.35213	0.29999	0.36955	0.50844	-0.15292	-0.3411	-0.25519	-0.27138	0.35213	1	0.05642	0.18026	0.40816	-0.10915	-0.52273	-0.64441	-0.17703	0.29999	0.05642	1	0.00036967	0.44548	-0.19315	0.02278	-0.14137	0.45236	0.36955	0.18026	0.00036967	1	0.048599	0.23122	0.0030847	-0.053121	-0.34641	0.50844	0.40816	0.44548	0.048599	1	0.36228	-0.022621	-0.71809	0.28972	-0.15292	-0.10915	-0.19315	0.23122	0.36228	1	-0.0050995	-0.3712	-0.12645	-0.3411	-0.52273	0.02278	0.0030847	-0.022621	-0.0050995	1	0.27812	0.59216	-0.25519	-0.64441	-0.14137	-0.053121	-0.71809	-0.3712	0.27812	1	-0.047236	-0.27138	-0.17703	0.45236	-0.34641	0.28972	-0.12645	0.59216	-0.047236	1
