1	0.13497	0.08041	-0.15884	-0.46951	0.0013855	0.22825	-0.34797	-0.15418	0.13497	1	-0.27469	0.088534	0.25153	0.19991	-0.15513	-0.3341	-0.4362	0.08041	-0.27469	1	-0.27658	0.033254	-0.28476	-0.060963	0.45388	-0.51855	-0.15884	0.088534	-0.27658	1	0.08957	0.0090036	-0.19013	-0.23588	0.52734	-0.46951	0.25153	0.033254	0.08957	1	-0.021671	-0.17277	-0.054566	-0.20138	0.0013855	0.19991	-0.28476	0.0090036	-0.021671	1	-0.58943	-0.58156	-0.26408	0.22825	-0.15513	-0.060963	-0.19013	-0.17277	-0.58943	1	0.12728	0.35436	-0.34797	-0.3341	0.45388	-0.23588	-0.054566	-0.58156	0.12728	1	-0.03762	-0.15418	-0.4362	-0.51855	0.52734	-0.20138	-0.26408	0.35436	-0.03762	1
