1	0.38654	-0.17983	-0.48104	-0.0574	0.097543	0.1092	-0.17353	0.1633	0.38654	1	-0.43826	-0.32903	0.069634	0.48039	0.33137	-0.4628	-0.013578	-0.17983	-0.43826	1	0.12873	-0.089915	-0.16902	-0.26822	0.25198	0.050934	-0.48104	-0.32903	0.12873	1	0.36588	-0.66019	-0.35166	0.62957	-0.21339	-0.0574	0.069634	-0.089915	0.36588	1	-0.54598	-0.51217	-0.059692	0.25182	0.097543	0.48039	-0.16902	-0.66019	-0.54598	1	0.42739	-0.54702	0.010112	0.1092	0.33137	-0.26822	-0.35166	-0.51217	0.42739	1	-0.082968	0.26742	-0.17353	-0.4628	0.25198	0.62957	-0.059692	-0.54702	-0.082968	1	-0.32809	0.1633	-0.013578	0.050934	-0.21339	0.25182	0.010112	0.26742	-0.32809	1
