1	0.52344	0.51155	0.33492	0.73809	0.031445	0.23448	0.46195	-0.44168	0.52344	1	0.7577	0.30762	0.17741	0.51539	0.51923	0.53677	0.12202	0.51155	0.7577	1	0.1857	0.089413	0.15727	0.55124	0.41168	0.17128	0.33492	0.30762	0.1857	1	0.19267	0.45938	0.34825	-0.10355	-0.24	0.73809	0.17741	0.089413	0.19267	1	-0.38835	-0.11448	0.29021	-0.43962	0.031445	0.51539	0.15727	0.45938	-0.38835	1	0.50719	0.077841	-0.052854	0.23448	0.51923	0.55124	0.34825	-0.11448	0.50719	1	-0.2047	0.17064	0.46195	0.53677	0.41168	-0.10355	0.29021	0.077841	-0.2047	1	-0.058834	-0.44168	0.12202	0.17128	-0.24	-0.43962	-0.052854	0.17064	-0.058834	1
