1	0.13028	0.053172	0.66066	0.16293	-0.092037	-0.31704	0.27042	0.24873	0.13028	1	-0.35859	0.078174	0.25535	0.10911	-0.37722	0.14447	-0.098119	0.053172	-0.35859	1	0.37996	-0.52814	0.22075	0.18992	-0.080556	0.40051	0.66066	0.078174	0.37996	1	-0.25193	0.030699	-0.0038581	-0.088524	0.23944	0.16293	0.25535	-0.52814	-0.25193	1	-0.31239	-0.44845	0.25082	-0.12483	-0.092037	0.10911	0.22075	0.030699	-0.31239	1	0.57324	0.15284	0.14278	-0.31704	-0.37722	0.18992	-0.0038581	-0.44845	0.57324	1	0.16894	0.20565	0.27042	0.14447	-0.080556	-0.088524	0.25082	0.15284	0.16894	1	0.26152	0.24873	-0.098119	0.40051	0.23944	-0.12483	0.14278	0.20565	0.26152	1
