1	-0.08271	-0.074567	0.21411	0.1609	0.54397	0.41325	0.0045781	0.60538	-0.08271	1	-0.18296	0.33179	0.23614	0.22434	0.11157	-0.30824	-0.22154	-0.074567	-0.18296	1	-0.37609	-0.031435	-0.54392	-0.060016	-0.25156	-0.25328	0.21411	0.33179	-0.37609	1	0.30507	0.16592	0.11417	0.0049166	0.19939	0.1609	0.23614	-0.031435	0.30507	1	0.21349	0.025814	0.14946	-0.037512	0.54397	0.22434	-0.54392	0.16592	0.21349	1	0.071652	-0.24066	0.48962	0.41325	0.11157	-0.060016	0.11417	0.025814	0.071652	1	0.4442	0.32564	0.0045781	-0.30824	-0.25156	0.0049166	0.14946	-0.24066	0.4442	1	-0.1876	0.60538	-0.22154	-0.25328	0.19939	-0.037512	0.48962	0.32564	-0.1876	1
