1	0.29912	-0.028857	-0.10981	0.18806	0.63003	0.018209	0.10375	-0.047111	0.29912	1	0.090471	-0.015397	0.025506	-0.30546	0.28004	-0.15404	0.1476	-0.028857	0.090471	1	0.52227	-0.16427	-0.12888	-0.48121	0.43616	0.29598	-0.10981	-0.015397	0.52227	1	-0.78853	0.25833	-0.19889	0.010402	0.45197	0.18806	0.025506	-0.16427	-0.78853	1	-0.13571	0.25536	0.24031	-0.71965	0.63003	-0.30546	-0.12888	0.25833	-0.13571	1	-0.084659	-0.042529	-0.049294	0.018209	0.28004	-0.48121	-0.19889	0.25536	-0.084659	1	0.068519	-0.68137	0.10375	-0.15404	0.43616	0.010402	0.24031	-0.042529	0.068519	1	-0.33971	-0.047111	0.1476	0.29598	0.45197	-0.71965	-0.049294	-0.68137	-0.33971	1
