1	0.024631	-0.45155	0.36906	-0.021095	0.56239	0.54739	-0.0014285	-0.35643	0.024631	1	-0.3384	-0.59889	-0.85658	-0.19481	0.12541	-0.63182	-0.12654	-0.45155	-0.3384	1	0.16046	0.11783	0.052105	-0.40288	0.14546	0.11449	0.36906	-0.59889	0.16046	1	0.42291	0.54356	-0.2493	0.2443	-0.11363	-0.021095	-0.85658	0.11783	0.42291	1	0.18745	0.11733	0.76478	-0.10131	0.56239	-0.19481	0.052105	0.54356	0.18745	1	0.27071	0.36026	-0.27226	0.54739	0.12541	-0.40288	-0.2493	0.11733	0.27071	1	0.12164	-0.33519	-0.0014285	-0.63182	0.14546	0.2443	0.76478	0.36026	0.12164	1	-0.22132	-0.35643	-0.12654	0.11449	-0.11363	-0.10131	-0.27226	-0.33519	-0.22132	1
