1	-0.18072	-0.020444	-0.67581	0.083516	0.039817	0.39667	0.090596	-0.31472	-0.18072	1	0.50276	0.52621	0.60433	-0.0045757	0.20441	0.6156	0.37975	-0.020444	0.50276	1	0.072962	0.17644	-0.48884	0.65163	0.13851	0.10533	-0.67581	0.52621	0.072962	1	0.30417	-0.12019	-0.18109	0.13991	0.64454	0.083516	0.60433	0.17644	0.30417	1	0.45282	-0.21915	-0.0062765	-0.20988	0.039817	-0.0045757	-0.48884	-0.12019	0.45282	1	-0.63505	-0.23493	-0.4484	0.39667	0.20441	0.65163	-0.18109	-0.21915	-0.63505	1	0.22801	0.3601	0.090596	0.6156	0.13851	0.13991	-0.0062765	-0.23493	0.22801	1	0.42468	-0.31472	0.37975	0.10533	0.64454	-0.20988	-0.4484	0.3601	0.42468	1
