1	0.46767	0.085034	-0.49994	-0.3059	0.68253	-0.15532	0.10827	-0.046108	0.46767	1	-0.046643	-0.25968	-0.43822	0.39309	-0.0056041	0.10481	0.53846	0.085034	-0.046643	1	-0.040112	-0.43879	-0.039818	-0.55353	-0.188	0.096151	-0.49994	-0.25968	-0.040112	1	0.37518	-0.81923	0.023362	-0.020651	0.41478	-0.3059	-0.43822	-0.43879	0.37518	1	-0.58064	0.24086	0.53142	-0.27263	0.68253	0.39309	-0.039818	-0.81923	-0.58064	1	0.034836	-0.15954	-0.25119	-0.15532	-0.0056041	-0.55353	0.023362	0.24086	0.034836	1	0.0098974	0.1598	0.10827	0.10481	-0.188	-0.020651	0.53142	-0.15954	0.0098974	1	-0.042934	-0.046108	0.53846	0.096151	0.41478	-0.27263	-0.25119	0.1598	-0.042934	1
