1	0.071693	0.75701	-0.625	0.46741	0.076811	0.090056	0.18985	0.1187	0.071693	1	0.25929	-0.5787	-0.16889	-0.1163	0.17444	-0.0079141	0.021064	0.75701	0.25929	1	-0.59653	0.32027	0.094319	0.19826	0.044487	0.14373	-0.625	-0.5787	-0.59653	1	-0.2308	-0.0069759	0.089803	-0.053307	-0.11898	0.46741	-0.16889	0.32027	-0.2308	1	0.22387	-0.26519	0.39401	0.31147	0.076811	-0.1163	0.094319	-0.0069759	0.22387	1	0.22638	0.4823	-0.47099	0.090056	0.17444	0.19826	0.089803	-0.26519	0.22638	1	0.52024	-0.11416	0.18985	-0.0079141	0.044487	-0.053307	0.39401	0.4823	0.52024	1	-0.27701	0.1187	0.021064	0.14373	-0.11898	0.31147	-0.47099	-0.11416	-0.27701	1
