1	-0.43946	0.56933	-0.48775	0.17649	-0.46148	0.058902	-0.41967	-0.0062893	-0.43946	1	-0.49664	0.65222	-0.4588	0.016543	0.15855	0.61874	-0.14201	0.56933	-0.49664	1	-0.57812	0.59302	-0.14424	0.2266	-0.24461	-0.41411	-0.48775	0.65222	-0.57812	1	-0.36313	-0.091677	0.42016	0.27596	0.21206	0.17649	-0.4588	0.59302	-0.36313	1	0.10661	-0.046957	-0.31227	-0.38451	-0.46148	0.016543	-0.14424	-0.091677	0.10661	1	-0.039736	0.30869	-0.067371	0.058902	0.15855	0.2266	0.42016	-0.046957	-0.039736	1	0.029834	0.0053098	-0.41967	0.61874	-0.24461	0.27596	-0.31227	0.30869	0.029834	1	-0.11119	-0.0062893	-0.14201	-0.41411	0.21206	-0.38451	-0.067371	0.0053098	-0.11119	1
