1	0.42381	0.013849	0.1665	-0.4395	-0.16656	-0.039486	-0.44198	0.37977	0.42381	1	0.15929	0.054411	-0.1433	-0.4417	-0.32023	-0.15476	0.12016	0.013849	0.15929	1	0.59024	-0.11085	-0.047716	0.24696	-0.057037	0.63932	0.1665	0.054411	0.59024	1	-0.44451	0.079472	-0.10611	0.26211	0.3712	-0.4395	-0.1433	-0.11085	-0.44451	1	0.19848	0.49979	-0.32611	0.0068458	-0.16656	-0.4417	-0.047716	0.079472	0.19848	1	0.38851	0.18821	-0.13644	-0.039486	-0.32023	0.24696	-0.10611	0.49979	0.38851	1	-0.1496	0.36362	-0.44198	-0.15476	-0.057037	0.26211	-0.32611	0.18821	-0.1496	1	-0.42221	0.37977	0.12016	0.63932	0.3712	0.0068458	-0.13644	0.36362	-0.42221	1
