1	0.23415	0.2402	-0.52627	-0.25873	-0.1894	0.25411	-0.063524	0.59825	0.23415	1	-0.026257	-0.56909	-0.48505	0.17604	-0.23179	0.38136	0.31821	0.2402	-0.026257	1	0.094145	0.3952	0.21095	0.3286	-0.079682	0.45885	-0.52627	-0.56909	0.094145	1	0.7001	-0.34604	-0.30119	-0.16282	-0.45764	-0.25873	-0.48505	0.3952	0.7001	1	-0.27895	0.21923	0.26614	-0.0044214	-0.1894	0.17604	0.21095	-0.34604	-0.27895	1	0.33915	-0.26504	0.21806	0.25411	-0.23179	0.3286	-0.30119	0.21923	0.33915	1	0.016954	0.29467	-0.063524	0.38136	-0.079682	-0.16282	0.26614	-0.26504	0.016954	1	0.24312	0.59825	0.31821	0.45885	-0.45764	-0.0044214	0.21806	0.29467	0.24312	1
