1	0.24578	-0.074465	-0.26887	0.113	0.55251	-0.17618	0.0072931	0.023466	0.24578	1	0.17963	-0.16832	-0.18764	0.25612	-0.27539	0.48417	0.24041	-0.074465	0.17963	1	-0.57742	-0.68637	-0.34905	0.1223	0.52968	0.36451	-0.26887	-0.16832	-0.57742	1	0.5377	-0.23692	-0.059638	-0.49797	-0.38909	0.113	-0.18764	-0.68637	0.5377	1	-0.0089508	-0.47792	-0.73545	-0.7753	0.55251	0.25612	-0.34905	-0.23692	-0.0089508	1	0.073207	0.29226	0.41261	-0.17618	-0.27539	0.1223	-0.059638	-0.47792	0.073207	1	0.38331	0.44933	0.0072931	0.48417	0.52968	-0.49797	-0.73545	0.29226	0.38331	1	0.73046	0.023466	0.24041	0.36451	-0.38909	-0.7753	0.41261	0.44933	0.73046	1
