1	0.27608	0.43971	0.14776	-0.74867	-0.42022	-0.35157	0.85863	0.21939	0.27608	1	0.48859	0.43655	-0.042153	-0.37506	-0.62765	0.053877	0.65621	0.43971	0.48859	1	0.28178	-0.45184	-0.082148	-0.15648	0.52803	0.11713	0.14776	0.43655	0.28178	1	0.19203	0.21628	-0.32964	0.082549	-0.001804	-0.74867	-0.042153	-0.45184	0.19203	1	0.66831	0.035893	-0.82743	-0.095382	-0.42022	-0.37506	-0.082148	0.21628	0.66831	1	0.35922	-0.34748	-0.54163	-0.35157	-0.62765	-0.15648	-0.32964	0.035893	0.35922	1	-0.21892	-0.67297	0.85863	0.053877	0.52803	0.082549	-0.82743	-0.34748	-0.21892	1	0.045118	0.21939	0.65621	0.11713	-0.001804	-0.095382	-0.54163	-0.67297	0.045118	1
