1	-0.12235	-0.016754	0.26502	-0.24894	-0.43748	0.22903	0.26183	-0.083308	-0.12235	1	-0.37354	-0.80284	-0.33208	0.26886	0.048405	-0.017373	-0.62451	-0.016754	-0.37354	1	0.58165	0.32369	0.15161	0.13873	-0.23361	0.36729	0.26502	-0.80284	0.58165	1	0.21774	-0.19394	-0.056406	-0.10757	0.65258	-0.24894	-0.33208	0.32369	0.21774	1	0.5657	-0.56768	0.038072	0.38928	-0.43748	0.26886	0.15161	-0.19394	0.5657	1	-0.18365	-0.29242	-0.10492	0.22903	0.048405	0.13873	-0.056406	-0.56768	-0.18365	1	0.096392	-0.55813	0.26183	-0.017373	-0.23361	-0.10757	0.038072	-0.29242	0.096392	1	-0.43022	-0.083308	-0.62451	0.36729	0.65258	0.38928	-0.10492	-0.55813	-0.43022	1
