1	0.050387	0.22258	-0.12451	-0.061992	-0.72876	0.24261	0.56166	0.16055	0.050387	1	0.36587	-0.097586	-0.090115	-0.44241	0.077455	0.02961	-0.18322	0.22258	0.36587	1	-0.46762	-0.10428	-0.58025	-0.3331	0.048327	-0.42281	-0.12451	-0.097586	-0.46762	1	-0.62285	0.30284	0.26722	0.44711	-0.10746	-0.061992	-0.090115	-0.10428	-0.62285	1	0.040887	-0.079644	-0.46662	0.7044	-0.72876	-0.44241	-0.58025	0.30284	0.040887	1	0.049682	-0.32894	0.097809	0.24261	0.077455	-0.3331	0.26722	-0.079644	0.049682	1	-0.029114	0.24834	0.56166	0.02961	0.048327	0.44711	-0.46662	-0.32894	-0.029114	1	-0.081511	0.16055	-0.18322	-0.42281	-0.10746	0.7044	0.097809	0.24834	-0.081511	1
