1	-0.11761	-0.43368	0.32686	0.65976	-0.24002	-0.3409	-0.0051174	-0.15521	-0.11761	1	-0.2887	-0.53209	-0.25949	0.14956	-0.34992	0.46664	0.41855	-0.43368	-0.2887	1	0.054934	-0.14354	-0.047422	0.40908	-0.43538	0.10701	0.32686	-0.53209	0.054934	1	0.47949	-0.10711	-0.41305	-0.30543	-0.72141	0.65976	-0.25949	-0.14354	0.47949	1	-0.62168	-0.13215	0.13823	0.0093512	-0.24002	0.14956	-0.047422	-0.10711	-0.62168	1	-0.040021	0.0098024	-0.35052	-0.3409	-0.34992	0.40908	-0.41305	-0.13215	-0.040021	1	0.18156	0.33853	-0.0051174	0.46664	-0.43538	-0.30543	0.13823	0.0098024	0.18156	1	0.41781	-0.15521	0.41855	0.10701	-0.72141	0.0093512	-0.35052	0.33853	0.41781	1
