1	-0.30398	0.10949	0.027845	-0.30122	0.23769	0.35399	0.063608	-0.18706	-0.30398	1	-0.72481	0.19982	0.58227	0.15946	-0.24952	0.078366	0.23712	0.10949	-0.72481	1	-0.55362	-0.68123	-0.26945	-0.059328	0.31737	0.35184	0.027845	0.19982	-0.55362	1	0.61988	0.18415	-0.060823	-0.028548	-0.51934	-0.30122	0.58227	-0.68123	0.61988	1	0.36496	-0.54492	-0.1914	-0.32295	0.23769	0.15946	-0.26945	0.18415	0.36496	1	-0.33081	0.048254	-0.36246	0.35399	-0.24952	-0.059328	-0.060823	-0.54492	-0.33081	1	-0.15037	-0.12939	0.063608	0.078366	0.31737	-0.028548	-0.1914	0.048254	-0.15037	1	0.26438	-0.18706	0.23712	0.35184	-0.51934	-0.32295	-0.36246	-0.12939	0.26438	1
