1	0.17399	0.21127	0.19343	-0.13846	0.55439	-0.50038	-0.48288	-0.48837	0.17399	1	0.4599	0.71706	0.47321	0.42774	-0.26277	-0.49312	-0.2399	0.21127	0.4599	1	0.34376	0.25407	0.6937	-0.42028	0.04511	-0.2021	0.19343	0.71706	0.34376	1	0.73925	0.47042	0.14015	-0.45365	-0.18606	-0.13846	0.47321	0.25407	0.73925	1	0.44454	0.31751	-0.24593	-0.029559	0.55439	0.42774	0.6937	0.47042	0.44454	1	-0.28511	-0.31437	-0.11471	-0.50038	-0.26277	-0.42028	0.14015	0.31751	-0.28511	1	0.0081265	0.35922	-0.48288	-0.49312	0.04511	-0.45365	-0.24593	-0.31437	0.0081265	1	0.16491	-0.48837	-0.2399	-0.2021	-0.18606	-0.029559	-0.11471	0.35922	0.16491	1
