1	0.33602	-0.089321	-0.39571	0.28622	-0.097188	-0.18687	-0.10488	-0.22396	0.33602	1	0.0026428	0.10401	-0.093472	0.23476	-0.187	-0.51347	-0.4226	-0.089321	0.0026428	1	0.58564	-0.57492	0.20955	0.31371	-0.00090401	0.056512	-0.39571	0.10401	0.58564	1	-0.76815	0.60494	0.6729	0.011941	-0.28424	0.28622	-0.093472	-0.57492	-0.76815	1	-0.65527	-0.53753	0.054565	0.4255	-0.097188	0.23476	0.20955	0.60494	-0.65527	1	0.57232	-0.28558	-0.58828	-0.18687	-0.187	0.31371	0.6729	-0.53753	0.57232	1	0.42791	-0.28949	-0.10488	-0.51347	-0.00090401	0.011941	0.054565	-0.28558	0.42791	1	0.24627	-0.22396	-0.4226	0.056512	-0.28424	0.4255	-0.58828	-0.28949	0.24627	1
