1	-0.47622	-0.28303	-0.45595	0.10254	-0.33222	-0.2484	-0.055236	0.10957	-0.47622	1	0.11456	0.21341	-0.45756	0.05811	0.50364	0.032225	0.063388	-0.28303	0.11456	1	0.28487	-0.084815	0.089665	-0.011908	-0.071879	-0.37852	-0.45595	0.21341	0.28487	1	0.0032752	-0.088185	0.032496	-0.10964	0.30581	0.10254	-0.45756	-0.084815	0.0032752	1	0.22135	-0.80799	-0.31469	0.079136	-0.33222	0.05811	0.089665	-0.088185	0.22135	1	0.089718	-0.72612	-0.44425	-0.2484	0.50364	-0.011908	0.032496	-0.80799	0.089718	1	0.0064618	-0.059311	-0.055236	0.032225	-0.071879	-0.10964	-0.31469	-0.72612	0.0064618	1	-0.0049435	0.10957	0.063388	-0.37852	0.30581	0.079136	-0.44425	-0.059311	-0.0049435	1
