1	0.59181	-0.0067315	0.33595	0.34748	0.19947	-0.17446	0.24079	0.65198	0.59181	1	0.46714	-0.079566	0.31944	0.49533	-0.42442	-0.17628	0.28423	-0.0067315	0.46714	1	-0.27901	0.33265	0.65463	-0.16235	-0.27647	-0.16643	0.33595	-0.079566	-0.27901	1	-0.046919	0.091759	-0.27499	0.02447	0.22698	0.34748	0.31944	0.33265	-0.046919	1	-0.019192	-0.20261	0.0633	0.091249	0.19947	0.49533	0.65463	0.091759	-0.019192	1	0.022157	-0.58457	-0.09429	-0.17446	-0.42442	-0.16235	-0.27499	-0.20261	0.022157	1	0.058863	0.082129	0.24079	-0.17628	-0.27647	0.02447	0.0633	-0.58457	0.058863	1	0.52093	0.65198	0.28423	-0.16643	0.22698	0.091249	-0.09429	0.082129	0.52093	1
