1	-0.3966	-0.29653	0.088657	0.095285	-0.088938	0.03407	0.14307	0.69449	-0.3966	1	0.038609	0.16413	-0.12623	-0.28599	0.20274	0.23371	-0.38543	-0.29653	0.038609	1	0.68952	0.49581	-0.47367	-0.35229	0.44007	0.14993	0.088657	0.16413	0.68952	1	0.53829	-0.75381	-0.1831	0.50365	0.28419	0.095285	-0.12623	0.49581	0.53829	1	-0.5594	0.012127	0.67253	0.50613	-0.088938	-0.28599	-0.47367	-0.75381	-0.5594	1	0.076166	-0.8187	-0.0645	0.03407	0.20274	-0.35229	-0.1831	0.012127	0.076166	1	0.11697	-0.07229	0.14307	0.23371	0.44007	0.50365	0.67253	-0.8187	0.11697	1	0.25478	0.69449	-0.38543	0.14993	0.28419	0.50613	-0.0645	-0.07229	0.25478	1
