1	-0.41901	0.050746	-0.37039	-0.17237	0.041242	-0.087691	0.11075	0.051174	-0.41901	1	-0.14818	0.10985	0.20636	0.18033	-0.22937	0.28678	-0.39531	0.050746	-0.14818	1	-0.19078	-0.06279	0.088846	0.21613	0.16607	0.52363	-0.37039	0.10985	-0.19078	1	-0.67137	-0.35503	-0.36363	0.00045453	-0.29755	-0.17237	0.20636	-0.06279	-0.67137	1	0.50405	0.49068	-0.045599	-0.18871	0.041242	0.18033	0.088846	-0.35503	0.50405	1	0.23451	-0.45957	-0.43019	-0.087691	-0.22937	0.21613	-0.36363	0.49068	0.23451	1	-0.016572	0.25229	0.11075	0.28678	0.16607	0.00045453	-0.045599	-0.45957	-0.016572	1	0.00078688	0.051174	-0.39531	0.52363	-0.29755	-0.18871	-0.43019	0.25229	0.00078688	1
