1	-0.13352	-0.38509	-0.21499	-0.18223	-0.39555	-0.43522	-0.16567	0.31418	-0.13352	1	0.33205	-0.11036	-0.091926	0.20135	-0.031097	-0.089971	-0.0061688	-0.38509	0.33205	1	0.28822	-0.11633	0.38084	0.14593	0.2364	-0.16072	-0.21499	-0.11036	0.28822	1	-0.094492	0.046966	0.37056	0.23944	0.25658	-0.18223	-0.091926	-0.11633	-0.094492	1	-0.2279	-0.475	-0.46622	-0.38984	-0.39555	0.20135	0.38084	0.046966	-0.2279	1	0.36103	0.46837	-0.37426	-0.43522	-0.031097	0.14593	0.37056	-0.475	0.36103	1	0.046224	-0.018794	-0.16567	-0.089971	0.2364	0.23944	-0.46622	0.46837	0.046224	1	0.24627	0.31418	-0.0061688	-0.16072	0.25658	-0.38984	-0.37426	-0.018794	0.24627	1
