1	-0.66162	-0.41271	0.2251	0.41502	0.28204	0.52449	-0.48396	-0.12028	-0.66162	1	0.23683	-0.38378	-0.81215	-0.14069	-0.58811	0.67476	-0.091864	-0.41271	0.23683	1	-0.42626	-0.19783	0.003899	0.043863	-0.028184	-0.25846	0.2251	-0.38378	-0.42626	1	0.36624	-0.18954	-0.30386	-0.10098	0.35583	0.41502	-0.81215	-0.19783	0.36624	1	0.21999	0.33063	-0.87143	0.24761	0.28204	-0.14069	0.003899	-0.18954	0.21999	1	0.037815	-0.1887	0.15598	0.52449	-0.58811	0.043863	-0.30386	0.33063	0.037815	1	-0.47798	-0.16226	-0.48396	0.67476	-0.028184	-0.10098	-0.87143	-0.1887	-0.47798	1	-0.10948	-0.12028	-0.091864	-0.25846	0.35583	0.24761	0.15598	-0.16226	-0.10948	1
