1	-0.10947	-0.083447	-0.71398	0.46065	-0.18402	-0.061119	0.25961	-0.1255	-0.10947	1	0.019801	0.33326	-0.44632	0.0079285	0.60681	-0.10377	0.18925	-0.083447	0.019801	1	0.14418	0.22538	-0.013519	0.098593	-0.25371	0.32097	-0.71398	0.33326	0.14418	1	-0.5385	0.24882	0.41299	-0.0058722	0.23684	0.46065	-0.44632	0.22538	-0.5385	1	0.22392	-0.43018	0.49433	0.34491	-0.18402	0.0079285	-0.013519	0.24882	0.22392	1	-0.12752	0.32781	0.78476	-0.061119	0.60681	0.098593	0.41299	-0.43018	-0.12752	1	-0.04294	-0.060092	0.25961	-0.10377	-0.25371	-0.0058722	0.49433	0.32781	-0.04294	1	0.41617	-0.1255	0.18925	0.32097	0.23684	0.34491	0.78476	-0.060092	0.41617	1
