1	0.011557	-0.41387	0.63529	-0.0077526	0.36896	-0.41535	-0.3383	0.23611	0.011557	1	-0.2978	0.30386	-0.021797	-0.090226	0.55591	-0.26544	-0.026375	-0.41387	-0.2978	1	-0.54201	-0.24966	-0.1364	-0.3172	0.27412	0.15083	0.63529	0.30386	-0.54201	1	0.31846	0.24698	-0.24232	-0.24218	-0.017098	-0.0077526	-0.021797	-0.24966	0.31846	1	0.57136	-0.22199	0.37445	-0.34168	0.36896	-0.090226	-0.1364	0.24698	0.57136	1	-0.34509	0.4505	0.34922	-0.41535	0.55591	-0.3172	-0.24232	-0.22199	-0.34509	1	0.043019	-0.19128	-0.3383	-0.26544	0.27412	-0.24218	0.37445	0.4505	0.043019	1	-0.1278	0.23611	-0.026375	0.15083	-0.017098	-0.34168	0.34922	-0.19128	-0.1278	1
