1	-0.019674	0.20364	0.048593	-0.11754	-0.26022	-0.49592	0.10375	-0.37939	-0.019674	1	0.43904	0.020062	-0.40662	-0.35039	0.17542	0.5159	-0.10627	0.20364	0.43904	1	0.11637	0.16423	0.066115	-0.12317	-0.20142	0.17691	0.048593	0.020062	0.11637	1	0.54168	-0.46252	-0.58189	0.41171	0.062731	-0.11754	-0.40662	0.16423	0.54168	1	0.26968	-0.60789	-0.26194	0.31449	-0.26022	-0.35039	0.066115	-0.46252	0.26968	1	0.31689	-0.59914	0.25385	-0.49592	0.17542	-0.12317	-0.58189	-0.60789	0.31689	1	-0.21053	-0.094894	0.10375	0.5159	-0.20142	0.41171	-0.26194	-0.59914	-0.21053	1	0.038509	-0.37939	-0.10627	0.17691	0.062731	0.31449	0.25385	-0.094894	0.038509	1
