1	0.33379	0.46963	-0.13506	-0.50217	-0.11918	0.083829	-0.31617	0.11381	0.33379	1	0.60855	0.090288	-0.5177	0.0025622	0.29202	0.48147	-0.31504	0.46963	0.60855	1	0.12742	-0.8319	0.095572	0.35349	0.18179	0.19114	-0.13506	0.090288	0.12742	1	-0.53126	0.37962	-0.076075	-0.31478	0.078083	-0.50217	-0.5177	-0.8319	-0.53126	1	-0.097621	-0.23717	0.10894	-0.21661	-0.11918	0.0025622	0.095572	0.37962	-0.097621	1	0.40555	-0.1091	-0.17039	0.083829	0.29202	0.35349	-0.076075	-0.23717	0.40555	1	0.50966	-0.050797	-0.31617	0.48147	0.18179	-0.31478	0.10894	-0.1091	0.50966	1	-0.45532	0.11381	-0.31504	0.19114	0.078083	-0.21661	-0.17039	-0.050797	-0.45532	1
