1	-0.15741	-0.15787	0.43555	0.31268	0.012286	-0.37535	0.13451	-0.24636	-0.15741	1	-0.061964	-0.13769	-0.62429	-0.65192	-0.38027	-0.12226	0.29623	-0.15787	-0.061964	1	-0.02016	0.026788	0.36715	0.29479	0.017471	0.30664	0.43555	-0.13769	-0.02016	1	0.36595	0.011513	0.21035	0.49425	-0.15322	0.31268	-0.62429	0.026788	0.36595	1	0.41586	0.43026	0.35307	0.24478	0.012286	-0.65192	0.36715	0.011513	0.41586	1	0.58279	0.087203	-0.015998	-0.37535	-0.38027	0.29479	0.21035	0.43026	0.58279	1	0.18653	0.43479	0.13451	-0.12226	0.017471	0.49425	0.35307	0.087203	0.18653	1	-0.10465	-0.24636	0.29623	0.30664	-0.15322	0.24478	-0.015998	0.43479	-0.10465	1
