1	0.25342	-0.76559	-0.054352	-0.24417	0.49768	0.19148	-0.36524	-0.35436	0.25342	1	0.056194	0.42442	-0.49612	-0.18484	0.44621	0.08027	0.12966	-0.76559	0.056194	1	0.10031	-0.037495	-0.60753	0.10089	0.4155	0.30218	-0.054352	0.42442	0.10031	1	-0.2978	-0.14363	0.5739	0.16946	-0.37631	-0.24417	-0.49612	-0.037495	-0.2978	1	0.080457	-0.47927	-0.10128	-0.078623	0.49768	-0.18484	-0.60753	-0.14363	0.080457	1	0.071659	-0.54221	-0.63327	0.19148	0.44621	0.10089	0.5739	-0.47927	0.071659	1	0.40454	-0.16032	-0.36524	0.08027	0.4155	0.16946	-0.10128	-0.54221	0.40454	1	0.53569	-0.35436	0.12966	0.30218	-0.37631	-0.078623	-0.63327	-0.16032	0.53569	1
