1	0.45372	-0.78504	-0.083982	0.44709	0.47273	-0.50572	-0.15328	-0.27431	0.45372	1	-0.53092	-0.082732	0.10968	0.35981	-0.77596	0.55036	-0.089181	-0.78504	-0.53092	1	0.5097	-0.34246	-0.57513	0.31719	0.036866	0.25541	-0.083982	-0.082732	0.5097	1	-0.14079	-0.29984	-0.2587	-0.14265	0.22867	0.44709	0.10968	-0.34246	-0.14079	1	0.81126	0.048827	-0.073393	0.25697	0.47273	0.35981	-0.57513	-0.29984	0.81126	1	-0.19391	0.051056	-0.002145	-0.50572	-0.77596	0.31719	-0.2587	0.048827	-0.19391	1	-0.42883	0.16382	-0.15328	0.55036	0.036866	-0.14265	-0.073393	0.051056	-0.42883	1	0.08815	-0.27431	-0.089181	0.25541	0.22867	0.25697	-0.002145	0.16382	0.08815	1
