1	0.19386	0.058267	0.18254	-0.59485	-0.21958	0.31829	0.30587	0.34671	0.19386	1	0.21955	-0.10736	-0.20051	-0.27684	0.30322	-0.015363	0.0099991	0.058267	0.21955	1	-0.20026	0.042039	0.10636	0.1719	0.28127	-0.056155	0.18254	-0.10736	-0.20026	1	0.36573	-0.65183	0.020271	-0.7062	0.3378	-0.59485	-0.20051	0.042039	0.36573	1	-0.50212	-0.214	-0.69082	0.10587	-0.21958	-0.27684	0.10636	-0.65183	-0.50212	1	-0.016499	0.70767	-0.44177	0.31829	0.30322	0.1719	0.020271	-0.214	-0.016499	1	0.34053	-0.30161	0.30587	-0.015363	0.28127	-0.7062	-0.69082	0.70767	0.34053	1	-0.19239	0.34671	0.0099991	-0.056155	0.3378	0.10587	-0.44177	-0.30161	-0.19239	1
