1	-0.39155	0.33731	0.47871	0.42938	0.47894	-0.21984	0.28862	0.36332	-0.39155	1	-0.5469	-0.38677	0.063536	-0.33832	-0.13593	-0.1493	-0.34279	0.33731	-0.5469	1	0.1912	0.21994	0.098972	0.22509	0.066775	0.39278	0.47871	-0.38677	0.1912	1	-0.30648	0.18406	0.020473	0.41441	-0.26789	0.42938	0.063536	0.21994	-0.30648	1	-0.064876	0.16598	-0.40343	0.40508	0.47894	-0.33832	0.098972	0.18406	-0.064876	1	-0.29348	0.5708	0.50476	-0.21984	-0.13593	0.22509	0.020473	0.16598	-0.29348	1	-0.41098	-0.046069	0.28862	-0.1493	0.066775	0.41441	-0.40343	0.5708	-0.41098	1	0.35657	0.36332	-0.34279	0.39278	-0.26789	0.40508	0.50476	-0.046069	0.35657	1
