1	-0.64617	-0.20436	-0.27094	-0.75802	0.0080747	-0.55121	-0.33687	0.11837	-0.64617	1	0.34228	0.75986	0.42289	-0.37668	0.83156	0.66796	0.017227	-0.20436	0.34228	1	0.22231	-0.021104	-0.69087	0.10548	0.13637	0.75215	-0.27094	0.75986	0.22231	1	0.32564	-0.51261	0.52384	0.61218	-0.12828	-0.75802	0.42289	-0.021104	0.32564	1	0.046327	0.22852	-0.018784	-0.18937	0.0080747	-0.37668	-0.69087	-0.51261	0.046327	1	-0.23012	-0.25235	-0.26692	-0.55121	0.83156	0.10548	0.52384	0.22852	-0.23012	1	0.68351	-0.22652	-0.33687	0.66796	0.13637	0.61218	-0.018784	-0.25235	0.68351	1	-0.07422	0.11837	0.017227	0.75215	-0.12828	-0.18937	-0.26692	-0.22652	-0.07422	1
