1	0.5019	0.27698	-0.43614	-0.46377	-0.03658	-0.27005	0.21705	0.0155	0.5019	1	-0.1732	-0.35419	-0.39075	-0.26958	-0.14711	-0.25084	0.43134	0.27698	-0.1732	1	-0.38978	-0.26585	0.53253	-0.04259	0.48105	-0.12363	-0.43614	-0.35419	-0.38978	1	0.58498	-0.18631	0.71587	-0.27239	0.20297	-0.46377	-0.39075	-0.26585	0.58498	1	-0.22038	0.4622	-0.36398	-0.39516	-0.03658	-0.26958	0.53253	-0.18631	-0.22038	1	-0.15584	0.27789	0.088036	-0.27005	-0.14711	-0.04259	0.71587	0.4622	-0.15584	1	-0.42535	0.23186	0.21705	-0.25084	0.48105	-0.27239	-0.36398	0.27789	-0.42535	1	-0.40832	0.0155	0.43134	-0.12363	0.20297	-0.39516	0.088036	0.23186	-0.40832	1
