1	0.31059	0.15197	0.42829	-0.55012	0.45643	0.38403	0.10639	-0.15202	0.31059	1	0.011556	0.37008	-0.054747	0.39264	0.33939	0.59035	-0.11308	0.15197	0.011556	1	-0.16614	-0.25611	-0.18014	-0.27018	0.26215	-0.69341	0.42829	0.37008	-0.16614	1	-0.31784	0.54984	0.15538	0.094764	0.16409	-0.55012	-0.054747	-0.25611	-0.31784	1	-0.60008	0.09333	-0.063997	0.55309	0.45643	0.39264	-0.18014	0.54984	-0.60008	1	0.064	0.35423	-0.087849	0.38403	0.33939	-0.27018	0.15538	0.09333	0.064	1	-0.26497	0.46636	0.10639	0.59035	0.26215	0.094764	-0.063997	0.35423	-0.26497	1	-0.4384	-0.15202	-0.11308	-0.69341	0.16409	0.55309	-0.087849	0.46636	-0.4384	1
