1	0.16093	0.22978	-0.23634	0.25855	-0.19946	0.37791	0.4308	0.16128	0.16093	1	0.070823	0.39896	0.17413	-0.067131	0.0092279	0.18166	-0.097862	0.22978	0.070823	1	0.47163	-0.17416	0.49272	0.34	0.049256	0.31046	-0.23634	0.39896	0.47163	1	0.13714	0.37393	-0.14989	-0.46207	-0.21897	0.25855	0.17413	-0.17416	0.13714	1	-0.57795	-0.47471	-0.39889	-0.14671	-0.19946	-0.067131	0.49272	0.37393	-0.57795	1	0.39775	0.18783	0.31444	0.37791	0.0092279	0.34	-0.14989	-0.47471	0.39775	1	0.68979	0.51278	0.4308	0.18166	0.049256	-0.46207	-0.39889	0.18783	0.68979	1	0.43398	0.16128	-0.097862	0.31046	-0.21897	-0.14671	0.31444	0.51278	0.43398	1
