1	-0.06956	0.28768	0.55147	-0.44906	0.34158	0.48391	-0.080042	0.72825	-0.06956	1	-0.50415	-0.26036	0.24176	0.21719	0.24259	-0.17301	-0.13575	0.28768	-0.50415	1	0.15371	-0.084287	-0.31163	-0.15531	0.32663	0.191	0.55147	-0.26036	0.15371	1	-0.48921	-0.0086609	-0.21059	0.20018	0.46586	-0.44906	0.24176	-0.084287	-0.48921	1	-0.57007	-0.14492	-0.3429	-0.32908	0.34158	0.21719	-0.31163	-0.0086609	-0.57007	1	0.45812	-0.1406	0.20794	0.48391	0.24259	-0.15531	-0.21059	-0.14492	0.45812	1	-0.42158	0.41243	-0.080042	-0.17301	0.32663	0.20018	-0.3429	-0.1406	-0.42158	1	-0.53065	0.72825	-0.13575	0.191	0.46586	-0.32908	0.20794	0.41243	-0.53065	1
