1	0.47005	0.041407	0.21163	0.44364	0.442	0.02088	-0.23291	0.71065	0.47005	1	-0.40086	-0.22722	0.20865	0.33258	-0.13511	-0.55061	0.55063	0.041407	-0.40086	1	0.49464	-0.11741	-0.11584	0.61799	0.5747	-0.10065	0.21163	-0.22722	0.49464	1	-0.18278	-0.068621	0.53678	0.13659	-0.011545	0.44364	0.20865	-0.11741	-0.18278	1	0.69927	-0.22461	-0.52247	0.22082	0.442	0.33258	-0.11584	-0.068621	0.69927	1	0.15417	-0.41603	0.23829	0.02088	-0.13511	0.61799	0.53678	-0.22461	0.15417	1	0.3471	0.043854	-0.23291	-0.55061	0.5747	0.13659	-0.52247	-0.41603	0.3471	1	0.026891	0.71065	0.55063	-0.10065	-0.011545	0.22082	0.23829	0.043854	0.026891	1
