1	0.09061	-0.13353	-0.31045	0.51901	-0.070501	-0.10574	-0.00039229	0.2134	0.09061	1	-0.48439	0.41429	0.29039	0.3128	-0.02044	0.12507	-0.14512	-0.13353	-0.48439	1	-0.00032921	-0.15195	-0.056389	-0.29549	0.013865	-0.0012333	-0.31045	0.41429	-0.00032921	1	0.30717	0.31076	0.33793	-0.33412	-0.50397	0.51901	0.29039	-0.15195	0.30717	1	0.58667	0.21092	-0.66859	-0.33702	-0.070501	0.3128	-0.056389	0.31076	0.58667	1	0.18671	-0.35041	-0.31579	-0.10574	-0.02044	-0.29549	0.33793	0.21092	0.18671	1	-0.15959	-0.68836	-0.00039229	0.12507	0.013865	-0.33412	-0.66859	-0.35041	-0.15959	1	0.36054	0.2134	-0.14512	-0.0012333	-0.50397	-0.33702	-0.31579	-0.68836	0.36054	1
