1	0.10731	-0.37675	0.38065	0.029648	0.25541	-0.57322	-0.40569	0.30578	0.10731	1	0.039428	0.19288	0.15429	-0.23283	-0.18552	0.41795	-0.2153	-0.37675	0.039428	1	-0.45225	0.39255	-0.32541	0.3951	0.46729	-0.17938	0.38065	0.19288	-0.45225	1	-0.0059541	0.1764	-0.52866	-0.42413	0.50926	0.029648	0.15429	0.39255	-0.0059541	1	-0.34556	0.092024	0.30414	0.42799	0.25541	-0.23283	-0.32541	0.1764	-0.34556	1	0.01056	-0.51932	0.46302	-0.57322	-0.18552	0.3951	-0.52866	0.092024	0.01056	1	0.081145	-0.069576	-0.40569	0.41795	0.46729	-0.42413	0.30414	-0.51932	0.081145	1	-0.38686	0.30578	-0.2153	-0.17938	0.50926	0.42799	0.46302	-0.069576	-0.38686	1
