1	0.12203	0.34461	0.51551	-0.2727	-0.68486	0.55742	0.0014797	0.10205	0.12203	1	0.30403	-0.20289	-0.49215	-0.23879	-0.33356	-0.0019898	-0.15336	0.34461	0.30403	1	0.13927	0.26221	-0.33366	-0.10012	0.072738	-0.043945	0.51551	-0.20289	0.13927	1	-0.051169	-0.31187	0.25148	0.16998	0.58616	-0.2727	-0.49215	0.26221	-0.051169	1	0.17233	0.060479	0.11474	-0.16075	-0.68486	-0.23879	-0.33366	-0.31187	0.17233	1	-0.15149	-0.24653	-0.2433	0.55742	-0.33356	-0.10012	0.25148	0.060479	-0.15149	1	-0.27178	0.12527	0.0014797	-0.0019898	0.072738	0.16998	0.11474	-0.24653	-0.27178	1	-0.057053	0.10205	-0.15336	-0.043945	0.58616	-0.16075	-0.2433	0.12527	-0.057053	1
