1	0.52454	0.31575	0.47167	-0.020267	-0.68382	-0.12278	0.48629	-0.44706	0.52454	1	0.49069	0.19683	-0.54791	-0.56301	-0.3258	0.59852	-0.3239	0.31575	0.49069	1	0.43107	-0.481	-0.3642	-0.10258	0.11541	-0.25658	0.47167	0.19683	0.43107	1	0.25058	-0.76161	-0.14379	0.17601	-0.38621	-0.020267	-0.54791	-0.481	0.25058	1	-0.056557	-0.019242	0.018978	0.11925	-0.68382	-0.56301	-0.3642	-0.76161	-0.056557	1	0.39572	-0.46898	0.69187	-0.12278	-0.3258	-0.10258	-0.14379	-0.019242	0.39572	1	-0.45181	0.14176	0.48629	0.59852	0.11541	0.17601	0.018978	-0.46898	-0.45181	1	-0.11056	-0.44706	-0.3239	-0.25658	-0.38621	0.11925	0.69187	0.14176	-0.11056	1
