1	-0.3296	-0.32251	-0.12335	-0.13019	0.67845	0.30208	0.35823	-0.30205	-0.3296	1	0.80508	0.6071	-0.099064	0.097256	0.28286	0.069344	0.35724	-0.32251	0.80508	1	0.55689	-0.40977	0.21498	0.2366	0.030096	0.14977	-0.12335	0.6071	0.55689	1	-0.40864	-0.093547	0.25394	-0.031426	-0.129	-0.13019	-0.099064	-0.40977	-0.40864	1	-0.26108	-0.1244	-0.020164	0.73252	0.67845	0.097256	0.21498	-0.093547	-0.26108	1	0.28447	0.49361	-0.016487	0.30208	0.28286	0.2366	0.25394	-0.1244	0.28447	1	-0.3275	-0.26188	0.35823	0.069344	0.030096	-0.031426	-0.020164	0.49361	-0.3275	1	0.19364	-0.30205	0.35724	0.14977	-0.129	0.73252	-0.016487	-0.26188	0.19364	1
