1	-0.11304	-0.012018	0.52281	0.51635	-0.099103	0.13416	0.49762	0.21752	-0.11304	1	0.335	0.11758	0.02442	-0.57938	-0.12021	-0.29207	-0.39036	-0.012018	0.335	1	-0.067543	0.30031	-0.10035	0.32993	-0.10882	-0.55315	0.52281	0.11758	-0.067543	1	0.46601	-0.22082	-0.27843	0.072278	0.070048	0.51635	0.02442	0.30031	0.46601	1	-0.00020703	-0.14169	-0.22768	-0.14632	-0.099103	-0.57938	-0.10035	-0.22082	-0.00020703	1	0.51585	-0.023551	0.3214	0.13416	-0.12021	0.32993	-0.27843	-0.14169	0.51585	1	0.35824	0.18707	0.49762	-0.29207	-0.10882	0.072278	-0.22768	-0.023551	0.35824	1	0.052481	0.21752	-0.39036	-0.55315	0.070048	-0.14632	0.3214	0.18707	0.052481	1
