1	0.22872	-0.54316	0.41663	0.035522	0.014565	0.48128	0.23029	-0.73047	0.22872	1	-0.33008	0.33673	0.26548	0.32738	0.61487	0.19764	-0.47314	-0.54316	-0.33008	1	-0.28743	-0.37934	-0.089601	-0.4903	-0.050254	0.77159	0.41663	0.33673	-0.28743	1	0.11525	0.069166	0.19293	0.26088	-0.25983	0.035522	0.26548	-0.37934	0.11525	1	-0.35143	0.50359	-0.12633	-0.084455	0.014565	0.32738	-0.089601	0.069166	-0.35143	1	-0.23074	0.23657	-0.43943	0.48128	0.61487	-0.4903	0.19293	0.50359	-0.23074	1	-0.20349	-0.46106	0.23029	0.19764	-0.050254	0.26088	-0.12633	0.23657	-0.20349	1	-0.29477	-0.73047	-0.47314	0.77159	-0.25983	-0.084455	-0.43943	-0.46106	-0.29477	1
