1	0.074565	-0.059191	-0.43014	-0.3832	-0.33908	0.28132	-0.12188	-0.35574	0.074565	1	-0.44002	0.36438	0.12994	-0.57778	-0.6411	-0.34654	0.29487	-0.059191	-0.44002	1	-0.27413	-0.024354	0.49463	-0.0088245	0.37331	-0.18483	-0.43014	0.36438	-0.27413	1	0.34442	-0.29134	-0.43349	0.22209	0.15065	-0.3832	0.12994	-0.024354	0.34442	1	0.29801	-0.083058	-0.36615	0.49846	-0.33908	-0.57778	0.49463	-0.29134	0.29801	1	0.1723	0.099475	0.4702	0.28132	-0.6411	-0.0088245	-0.43349	-0.083058	0.1723	1	-0.26119	-0.16905	-0.12188	-0.34654	0.37331	0.22209	-0.36615	0.099475	-0.26119	1	-0.42436	-0.35574	0.29487	-0.18483	0.15065	0.49846	0.4702	-0.16905	-0.42436	1
