1	0.35177	-0.68446	0.38314	-0.32235	0.56407	0.13148	-0.51018	0.50328	0.35177	1	-0.20038	0.46422	-0.29627	0.33932	0.46997	-0.48422	0.57884	-0.68446	-0.20038	1	-0.07627	-0.25131	-0.24385	-0.30563	0.029217	-0.58655	0.38314	0.46422	-0.07627	1	-0.33393	0.12925	0.27258	-0.23683	0.039573	-0.32235	-0.29627	-0.25131	-0.33393	1	-0.52041	0.43785	0.43103	-0.071896	0.56407	0.33932	-0.24385	0.12925	-0.52041	1	0.0027086	-0.70207	0.25994	0.13148	0.46997	-0.30563	0.27258	0.43785	0.0027086	1	-0.13094	0.12823	-0.51018	-0.48422	0.029217	-0.23683	0.43103	-0.70207	-0.13094	1	-0.088575	0.50328	0.57884	-0.58655	0.039573	-0.071896	0.25994	0.12823	-0.088575	1
