1	0.082436	-0.035978	-0.090268	0.61373	-0.23631	0.64117	-0.24638	0.46694	0.082436	1	0.59377	-0.082493	0.55514	0.3864	-0.41212	-0.30364	0.20591	-0.035978	0.59377	1	-0.60044	0.31259	-0.019588	-0.45902	-0.59551	0.020004	-0.090268	-0.082493	-0.60044	1	-0.18605	0.32379	0.033725	0.49213	-0.13055	0.61373	0.55514	0.31259	-0.18605	1	-0.037797	0.29272	-0.24627	0.55553	-0.23631	0.3864	-0.019588	0.32379	-0.037797	1	-0.44601	-0.0045722	-0.28476	0.64117	-0.41212	-0.45902	0.033725	0.29272	-0.44601	1	0.31462	0.55478	-0.24638	-0.30364	-0.59551	0.49213	-0.24627	-0.0045722	0.31462	1	0.14434	0.46694	0.20591	0.020004	-0.13055	0.55553	-0.28476	0.55478	0.14434	1
