1	-0.25548	0.022099	0.24379	0.17152	-0.13643	-0.36469	0.34175	0.49293	-0.25548	1	0.24131	0.24311	-0.66614	0.07938	0.46398	-0.38853	0.19171	0.022099	0.24131	1	-0.3609	0.28179	0.11228	0.17974	0.10332	-0.2636	0.24379	0.24311	-0.3609	1	-0.30783	-0.19105	0.20505	0.17201	0.65633	0.17152	-0.66614	0.28179	-0.30783	1	-0.067441	-0.21012	0.44914	-0.2048	-0.13643	0.07938	0.11228	-0.19105	-0.067441	1	0.19342	-0.095714	-0.22443	-0.36469	0.46398	0.17974	0.20505	-0.21012	0.19342	1	0.063907	0.1396	0.34175	-0.38853	0.10332	0.17201	0.44914	-0.095714	0.063907	1	-0.11345	0.49293	0.19171	-0.2636	0.65633	-0.2048	-0.22443	0.1396	-0.11345	1
