1	0.4997	-0.30709	-0.49311	0.61411	-0.12683	-0.010977	0.066424	0.06309	0.4997	1	0.16528	-0.45134	0.63518	0.32682	-0.27285	0.066081	0.29808	-0.30709	0.16528	1	0.406	-0.1279	-0.073447	0.024338	-0.12847	0.44617	-0.49311	-0.45134	0.406	1	-0.24929	-0.49111	-0.33994	0.25808	0.048299	0.61411	0.63518	-0.1279	-0.24929	1	0.057468	-0.63547	0.18349	0.37229	-0.12683	0.32682	-0.073447	-0.49111	0.057468	1	0.16651	-0.13363	0.17599	-0.010977	-0.27285	0.024338	-0.33994	-0.63547	0.16651	1	-0.47655	-0.099253	0.066424	0.066081	-0.12847	0.25808	0.18349	-0.13363	-0.47655	1	-0.070609	0.06309	0.29808	0.44617	0.048299	0.37229	0.17599	-0.099253	-0.070609	1
