1	-0.23524	-0.083571	0.13256	0.50237	-0.59849	0.050211	-0.10124	-0.10718	-0.23524	1	-0.66615	-0.38492	-0.30759	-0.32961	0.037179	-0.44234	-0.77278	-0.083571	-0.66615	1	-0.12777	-0.11448	0.43387	0.48177	0.63208	0.64291	0.13256	-0.38492	-0.12777	1	0.37708	0.38376	-0.51667	-0.060504	0.6186	0.50237	-0.30759	-0.11448	0.37708	1	-0.29126	-0.35457	-0.28353	0.096674	-0.59849	-0.32961	0.43387	0.38376	-0.29126	1	-0.12806	0.22332	0.71337	0.050211	0.037179	0.48177	-0.51667	-0.35457	-0.12806	1	0.58674	0.048285	-0.10124	-0.44234	0.63208	-0.060504	-0.28353	0.22332	0.58674	1	0.47737	-0.10718	-0.77278	0.64291	0.6186	0.096674	0.71337	0.048285	0.47737	1
