1	0.016586	-0.028197	0.24623	0.12617	-0.10115	0.3126	0.12592	-0.0015797	0.016586	1	0.22829	0.54243	-0.51076	0.5944	0.20389	-0.084107	0.46933	-0.028197	0.22829	1	-0.15869	-0.3513	-0.044695	0.36154	-0.28178	0.010981	0.24623	0.54243	-0.15869	1	-0.11335	0.46306	-0.057105	0.36552	0.52274	0.12617	-0.51076	-0.3513	-0.11335	1	-0.20038	-0.5419	-0.12929	-0.10842	-0.10115	0.5944	-0.044695	0.46306	-0.20038	1	0.11812	-0.087385	0.13458	0.3126	0.20389	0.36154	-0.057105	-0.5419	0.11812	1	-0.079689	-0.15076	0.12592	-0.084107	-0.28178	0.36552	-0.12929	-0.087385	-0.079689	1	0.18308	-0.0015797	0.46933	0.010981	0.52274	-0.10842	0.13458	-0.15076	0.18308	1
