1	0.34698	0.57744	0.71932	-0.039473	0.19995	0.30506	-0.79906	-0.33506	0.34698	1	0.24683	0.55734	-0.11858	0.23365	0.5631	-0.25497	-0.10093	0.57744	0.24683	1	0.2124	0.39534	-0.15702	-0.097901	-0.45786	0.42086	0.71932	0.55734	0.2124	1	0.0010282	0.20906	0.65846	-0.84545	-0.39925	-0.039473	-0.11858	0.39534	0.0010282	1	-0.1562	-0.057272	-0.15863	0.51483	0.19995	0.23365	-0.15702	0.20906	-0.1562	1	0.6313	-0.095414	-0.44696	0.30506	0.5631	-0.097901	0.65846	-0.057272	0.6313	1	-0.3921	-0.45861	-0.79906	-0.25497	-0.45786	-0.84545	-0.15863	-0.095414	-0.3921	1	0.27021	-0.33506	-0.10093	0.42086	-0.39925	0.51483	-0.44696	-0.45861	0.27021	1
