1	0.39701	-0.16862	-0.056986	0.058221	-0.62977	-0.13897	-0.2677	-0.4225	0.39701	1	0.23204	-0.1064	0.14191	-0.19665	-0.20314	-0.54359	0.27154	-0.16862	0.23204	1	0.23344	-0.27729	0.44962	-0.36209	-0.054339	0.42979	-0.056986	-0.1064	0.23344	1	-0.61994	-0.018311	-0.67351	0.24021	0.024271	0.058221	0.14191	-0.27729	-0.61994	1	-0.10657	0.80688	0.14659	0.36235	-0.62977	-0.19665	0.44962	-0.018311	-0.10657	1	0.051466	0.22332	0.42853	-0.13897	-0.20314	-0.36209	-0.67351	0.80688	0.051466	1	0.10067	0.13533	-0.2677	-0.54359	-0.054339	0.24021	0.14659	0.22332	0.10067	1	0.41569	-0.4225	0.27154	0.42979	0.024271	0.36235	0.42853	0.13533	0.41569	1
