1	0.55883	-0.18524	0.41584	0.24826	0.07363	-0.35334	0.044293	0.33273	0.55883	1	0.42462	0.4679	0.10065	-0.3574	-0.036858	0.20849	-0.13107	-0.18524	0.42462	1	-0.15012	-0.18201	-0.27629	0.33902	-0.14774	-0.6648	0.41584	0.4679	-0.15012	1	-0.095542	-0.44863	-0.2331	0.52156	0.013934	0.24826	0.10065	-0.18201	-0.095542	1	0.3788	-0.28731	-0.050189	-0.25101	0.07363	-0.3574	-0.27629	-0.44863	0.3788	1	0.27397	0.017516	0.20894	-0.35334	-0.036858	0.33902	-0.2331	-0.28731	0.27397	1	0.2694	-0.064357	0.044293	0.20849	-0.14774	0.52156	-0.050189	0.017516	0.2694	1	0.18159	0.33273	-0.13107	-0.6648	0.013934	-0.25101	0.20894	-0.064357	0.18159	1
