1	-0.25295	-0.032424	-0.4853	-0.47361	0.017713	-0.5009	0.31493	0.73435	-0.25295	1	0.31084	0.38451	-0.17516	0.53248	-0.12581	-0.23765	-0.18007	-0.032424	0.31084	1	-0.41645	-0.11602	0.40459	-0.089885	0.023148	0.16119	-0.4853	0.38451	-0.41645	1	0.24731	-0.022407	0.56696	-0.41548	-0.77647	-0.47361	-0.17516	-0.11602	0.24731	1	0.24319	0.54856	0.051408	-0.57271	0.017713	0.53248	0.40459	-0.022407	0.24319	1	-0.17824	0.083674	0.12993	-0.5009	-0.12581	-0.089885	0.56696	0.54856	-0.17824	1	-0.46913	-0.65835	0.31493	-0.23765	0.023148	-0.41548	0.051408	0.083674	-0.46913	1	0.15661	0.73435	-0.18007	0.16119	-0.77647	-0.57271	0.12993	-0.65835	0.15661	1
