1	0.43647	-0.077569	0.16827	0.64514	0.059034	0.17906	0.55026	-0.53575	0.43647	1	0.32119	-0.079569	0.22033	0.15499	0.4558	0.30481	0.23777	-0.077569	0.32119	1	-0.27317	-0.24078	0.11468	0.09587	-0.26134	0.57811	0.16827	-0.079569	-0.27317	1	-0.1365	0.4097	0.56429	0.15365	-0.24276	0.64514	0.22033	-0.24078	-0.1365	1	-0.0069215	-0.16289	0.46719	-0.48215	0.059034	0.15499	0.11468	0.4097	-0.0069215	1	0.64649	-0.38904	-0.22915	0.17906	0.4558	0.09587	0.56429	-0.16289	0.64649	1	-0.046602	0.08509	0.55026	0.30481	-0.26134	0.15365	0.46719	-0.38904	-0.046602	1	-0.0013239	-0.53575	0.23777	0.57811	-0.24276	-0.48215	-0.22915	0.08509	-0.0013239	1
