1	0.093816	0.43747	-0.57178	-0.24959	0.070399	-0.26221	0.3824	-0.39486	0.093816	1	-0.05853	0.13897	-0.11202	-0.69973	0.23775	-0.16849	-0.16799	0.43747	-0.05853	1	-0.70011	0.013913	0.37321	-0.01402	0.66746	0.28202	-0.57178	0.13897	-0.70011	1	-0.32506	-0.34562	-0.055881	-0.86773	-0.028347	-0.24959	-0.11202	0.013913	-0.32506	1	-0.02626	0.00075525	0.32476	0.13621	0.070399	-0.69973	0.37321	-0.34562	-0.02626	1	-0.32176	0.2631	0.32086	-0.26221	0.23775	-0.01402	-0.055881	0.00075525	-0.32176	1	0.23954	0.10004	0.3824	-0.16849	0.66746	-0.86773	0.32476	0.2631	0.23954	1	0.21204	-0.39486	-0.16799	0.28202	-0.028347	0.13621	0.32086	0.10004	0.21204	1
