1	-0.015049	-0.4324	0.18992	-0.30057	0.23775	0.29216	0.10853	0.31297	-0.015049	1	-0.52901	0.34223	-0.69305	0.25452	-0.65231	-0.15443	-0.41631	-0.4324	-0.52901	1	-0.17409	0.78164	-0.31109	0.21482	0.42248	0.45581	0.18992	0.34223	-0.17409	1	-0.17691	0.080902	-0.020321	0.2491	-0.15752	-0.30057	-0.69305	0.78164	-0.17691	1	-0.25904	0.41247	0.46396	0.52243	0.23775	0.25452	-0.31109	0.080902	-0.25904	1	-0.30023	0.29422	0.19846	0.29216	-0.65231	0.21482	-0.020321	0.41247	-0.30023	1	0.16168	0.36583	0.10853	-0.15443	0.42248	0.2491	0.46396	0.29422	0.16168	1	0.57514	0.31297	-0.41631	0.45581	-0.15752	0.52243	0.19846	0.36583	0.57514	1
