1	-0.64953	-0.01463	-0.35401	0.43361	-0.14124	-0.17469	-0.07489	-0.34635	-0.64953	1	0.098374	0.41322	-0.04368	0.62487	-0.38448	-0.33624	0.30946	-0.01463	0.098374	1	0.25995	0.65528	0.46175	-0.14776	-0.14123	-0.085336	-0.35401	0.41322	0.25995	1	-0.17255	0.36241	-0.012922	-0.18009	-0.10349	0.43361	-0.04368	0.65528	-0.17255	1	0.40888	-0.51976	-0.044408	0.056365	-0.14124	0.62487	0.46175	0.36241	0.40888	1	-0.59093	-0.31548	0.031496	-0.17469	-0.38448	-0.14776	-0.012922	-0.51976	-0.59093	1	-0.17532	0.039278	-0.07489	-0.33624	-0.14123	-0.18009	-0.044408	-0.31548	-0.17532	1	-0.11457	-0.34635	0.30946	-0.085336	-0.10349	0.056365	0.031496	0.039278	-0.11457	1
