1	0.22533	-0.19975	-0.54524	-0.19639	0.6625	-0.52839	0.39905	0.47584	0.22533	1	0.082125	-0.33333	0.23317	0.40289	-0.31144	0.092566	-0.38676	-0.19975	0.082125	1	0.53757	0.59986	-0.57869	0.20478	-0.05096	-0.032297	-0.54524	-0.33333	0.53757	1	0.47262	-0.74309	0.57848	-0.11974	-0.021479	-0.19639	0.23317	0.59986	0.47262	1	-0.52092	0.61882	-0.30055	-0.42341	0.6625	0.40289	-0.57869	-0.74309	-0.52092	1	-0.68859	0.41731	0.33291	-0.52839	-0.31144	0.20478	0.57848	0.61882	-0.68859	1	-0.51221	-0.39115	0.39905	0.092566	-0.05096	-0.11974	-0.30055	0.41731	-0.51221	1	0.37562	0.47584	-0.38676	-0.032297	-0.021479	-0.42341	0.33291	-0.39115	0.37562	1
