1	-0.00065191	0.23636	-0.62363	-0.47462	0.0076716	-0.47252	0.015392	0.21927	-0.00065191	1	0.56482	-0.032521	0.25263	0.19841	0.50931	-0.33391	0.28448	0.23636	0.56482	1	0.16404	0.0043256	0.13339	0.62084	-0.00018676	0.26624	-0.62363	-0.032521	0.16404	1	0.45028	-0.11057	0.63656	0.49566	0.081776	-0.47462	0.25263	0.0043256	0.45028	1	-0.65336	0.46258	0.46291	-0.1741	0.0076716	0.19841	0.13339	-0.11057	-0.65336	1	0.08666	-0.63538	0.40973	-0.47252	0.50931	0.62084	0.63656	0.46258	0.08666	1	0.12271	0.15185	0.015392	-0.33391	-0.00018676	0.49566	0.46291	-0.63538	0.12271	1	-0.0092052	0.21927	0.28448	0.26624	0.081776	-0.1741	0.40973	0.15185	-0.0092052	1
