1	-0.15295	0.14853	-0.14126	-0.23186	-0.33181	0.73784	-0.38449	0.67926	-0.15295	1	0.35796	0.10222	-0.63544	0.32076	-0.25838	-0.32363	-0.077566	0.14853	0.35796	1	0.082638	-0.17982	-0.076828	0.066661	-0.6556	0.24322	-0.14126	0.10222	0.082638	1	0.067829	0.38899	0.44019	0.10283	0.073608	-0.23186	-0.63544	-0.17982	0.067829	1	-0.23417	0.0082719	0.27005	0.047196	-0.33181	0.32076	-0.076828	0.38899	-0.23417	1	-0.077307	0.0013831	-0.34999	0.73784	-0.25838	0.066661	0.44019	0.0082719	-0.077307	1	-0.074904	0.49151	-0.38449	-0.32363	-0.6556	0.10283	0.27005	0.0013831	-0.074904	1	-0.5467	0.67926	-0.077566	0.24322	0.073608	0.047196	-0.34999	0.49151	-0.5467	1
