1	-0.21298	-0.0032999	-0.60755	-0.4468	0.084309	-0.19158	0.46599	-0.23564	-0.21298	1	0.10194	0.31738	-9.1134e-05	0.2453	0.43284	-0.10649	0.33746	-0.0032999	0.10194	1	-0.020457	0.42508	-0.57596	-0.34764	0.089418	-0.69803	-0.60755	0.31738	-0.020457	1	-0.046824	0.36009	0.020862	-0.19477	0.1156	-0.4468	-9.1134e-05	0.42508	-0.046824	1	-0.61445	-0.014308	-0.54984	-0.12978	0.084309	0.2453	-0.57596	0.36009	-0.61445	1	0.54929	0.3146	0.55192	-0.19158	0.43284	-0.34764	0.020862	-0.014308	0.54929	1	-0.18798	0.7727	0.46599	-0.10649	0.089418	-0.19477	-0.54984	0.3146	-0.18798	1	-0.1695	-0.23564	0.33746	-0.69803	0.1156	-0.12978	0.55192	0.7727	-0.1695	1
