1	-0.27692	-0.095492	0.30727	-0.51072	0.49278	-0.11786	-0.4505	-0.07969	-0.27692	1	-0.031436	0.15147	0.13454	-0.20494	0.63251	-0.14052	-0.2383	-0.095492	-0.031436	1	-0.19498	-0.096919	0.13647	0.26331	0.65703	-0.37189	0.30727	0.15147	-0.19498	1	0.12934	0.11669	-0.22312	-0.27942	-0.11596	-0.51072	0.13454	-0.096919	0.12934	1	-0.74907	-0.32796	-0.10332	0.2568	0.49278	-0.20494	0.13647	0.11669	-0.74907	1	0.23792	0.21652	-0.54554	-0.11786	0.63251	0.26331	-0.22312	-0.32796	0.23792	1	-0.0010867	-0.35892	-0.4505	-0.14052	0.65703	-0.27942	-0.10332	0.21652	-0.0010867	1	-0.33786	-0.07969	-0.2383	-0.37189	-0.11596	0.2568	-0.54554	-0.35892	-0.33786	1
