1	0.23243	0.18451	-0.091244	-0.60027	0.23998	0.28131	-0.50352	0.30136	0.23243	1	0.06721	-0.59788	-0.43031	0.39298	0.19429	-0.23236	0.5176	0.18451	0.06721	1	0.24328	-0.60847	0.21525	0.056071	-0.72436	0.36502	-0.091244	-0.59788	0.24328	1	-0.13546	-0.20331	-0.039742	-0.052849	0.020579	-0.60027	-0.43031	-0.60847	-0.13546	1	-0.49144	-0.04532	0.71912	-0.76615	0.23998	0.39298	0.21525	-0.20331	-0.49144	1	-0.14917	-0.36184	0.78421	0.28131	0.19429	0.056071	-0.039742	-0.04532	-0.14917	1	0.16659	-0.27556	-0.50352	-0.23236	-0.72436	-0.052849	0.71912	-0.36184	0.16659	1	-0.5924	0.30136	0.5176	0.36502	0.020579	-0.76615	0.78421	-0.27556	-0.5924	1
