1	0.084988	0.020374	0.26075	-0.54666	0.085887	0.21103	-0.18484	0.21448	0.084988	1	0.30563	-0.2514	0.15076	-0.40329	-0.50556	0.27794	0.19671	0.020374	0.30563	1	0.42928	0.21187	-0.33859	0.26908	0.23272	-0.07874	0.26075	-0.2514	0.42928	1	-0.48774	0.36425	0.3417	-0.048458	0.20021	-0.54666	0.15076	0.21187	-0.48774	1	-0.32839	-0.15905	0.028451	-0.49593	0.085887	-0.40329	-0.33859	0.36425	-0.32839	1	0.15414	-0.15972	-0.10072	0.21103	-0.50556	0.26908	0.3417	-0.15905	0.15414	1	0.29236	0.19211	-0.18484	0.27794	0.23272	-0.048458	0.028451	-0.15972	0.29236	1	0.67988	0.21448	0.19671	-0.07874	0.20021	-0.49593	-0.10072	0.19211	0.67988	1
