1	-0.15137	0.43193	-0.11027	0.14122	-0.34947	0.27335	0.29712	-0.12785	-0.15137	1	-0.70741	0.40064	-0.11659	0.095547	0.038209	-0.2702	-0.16268	0.43193	-0.70741	1	-0.1616	-0.18692	-0.072154	-0.14535	0.14247	0.16227	-0.11027	0.40064	-0.1616	1	-0.50342	0.34487	-0.023756	-0.35632	-0.51205	0.14122	-0.11659	-0.18692	-0.50342	1	-0.052513	0.20423	0.201	-0.11166	-0.34947	0.095547	-0.072154	0.34487	-0.052513	1	-0.12939	-0.54407	-0.21663	0.27335	0.038209	-0.14535	-0.023756	0.20423	-0.12939	1	0.27302	-0.67865	0.29712	-0.2702	0.14247	-0.35632	0.201	-0.54407	0.27302	1	-0.039619	-0.12785	-0.16268	0.16227	-0.51205	-0.11166	-0.21663	-0.67865	-0.039619	1
