1	0.26786	-0.43301	-0.39681	0.40907	0.13351	-0.67784	0.34859	0.0010283	0.26786	1	-0.12947	0.2521	-0.20169	-0.50681	-0.12509	0.2874	0.095652	-0.43301	-0.12947	1	0.29043	-0.23784	-0.48213	0.67406	-0.27929	0.53346	-0.39681	0.2521	0.29043	1	-0.15827	-0.14838	0.33033	-0.27599	-0.17707	0.40907	-0.20169	-0.23784	-0.15827	1	0.43164	-0.44242	0.060026	0.18236	0.13351	-0.50681	-0.48213	-0.14838	0.43164	1	-0.38218	0.19359	-0.44647	-0.67784	-0.12509	0.67406	0.33033	-0.44242	-0.38218	1	-0.47494	0.18925	0.34859	0.2874	-0.27929	-0.27599	0.060026	0.19359	-0.47494	1	0.095379	0.0010283	0.095652	0.53346	-0.17707	0.18236	-0.44647	0.18925	0.095379	1
