1	0.0045268	-0.14768	-0.29792	-0.070835	-0.089611	-0.22369	0.50285	0.092281	0.0045268	1	0.72919	0.17446	-0.26709	-0.30578	-0.41178	-0.2368	-0.287	-0.14768	0.72919	1	0.053076	-0.14275	-0.50795	-0.65504	0.10546	-0.30598	-0.29792	0.17446	0.053076	1	-0.13623	-0.31846	0.34172	-0.47459	-0.82889	-0.070835	-0.26709	-0.14275	-0.13623	1	0.49956	-0.1404	-0.19646	0.0060473	-0.089611	-0.30578	-0.50795	-0.31846	0.49956	1	0.060658	-0.18537	0.3055	-0.22369	-0.41178	-0.65504	0.34172	-0.1404	0.060658	1	-0.44591	0.020754	0.50285	-0.2368	0.10546	-0.47459	-0.19646	-0.18537	-0.44591	1	0.17429	0.092281	-0.287	-0.30598	-0.82889	0.0060473	0.3055	0.020754	0.17429	1
