1	-0.24664	-0.1725	0.157	-0.17373	0.39563	0.07476	-0.21971	0.27396	-0.24664	1	-0.4713	-0.30799	0.40158	0.51329	0.30703	-0.012721	-0.35613	-0.1725	-0.4713	1	0.55884	0.33625	-0.27084	-0.2394	0.18529	0.13174	0.157	-0.30799	0.55884	1	0.49713	0.2663	0.13966	0.44836	-0.20868	-0.17373	0.40158	0.33625	0.49713	1	0.37227	0.06603	0.13508	-0.59961	0.39563	0.51329	-0.27084	0.2663	0.37227	1	0.41885	0.075997	-0.14894	0.07476	0.30703	-0.2394	0.13966	0.06603	0.41885	1	0.29322	0.0045753	-0.21971	-0.012721	0.18529	0.44836	0.13508	0.075997	0.29322	1	0.21175	0.27396	-0.35613	0.13174	-0.20868	-0.59961	-0.14894	0.0045753	0.21175	1
