1	0.26885	0.33227	0.25802	0.53317	-0.30461	-0.054624	0.66254	-0.61768	0.26885	1	0.36117	0.2699	0.5221	-0.039761	-0.56138	0.32934	-0.63229	0.33227	0.36117	1	-0.41619	0.58221	-0.012301	-0.66026	0.64553	-0.23601	0.25802	0.2699	-0.41619	1	0.090543	0.05631	0.099132	0.047947	-0.14944	0.53317	0.5221	0.58221	0.090543	1	0.34	-0.19797	0.55205	-0.56715	-0.30461	-0.039761	-0.012301	0.05631	0.34	1	0.11771	-0.44632	0.076901	-0.054624	-0.56138	-0.66026	0.099132	-0.19797	0.11771	1	-0.48117	0.02372	0.66254	0.32934	0.64553	0.047947	0.55205	-0.44632	-0.48117	1	-0.31399	-0.61768	-0.63229	-0.23601	-0.14944	-0.56715	0.076901	0.02372	-0.31399	1
