1	0.5083	0.22293	-0.10426	-0.35236	0.13218	0.32493	0.082473	-0.4875	0.5083	1	-0.25368	0.09564	0.025027	0.3259	0.16322	0.042807	-0.59005	0.22293	-0.25368	1	-0.36231	-0.11915	0.38887	-0.027039	-0.24674	0.56027	-0.10426	0.09564	-0.36231	1	-0.044348	0.30292	0.13706	-0.42339	0.18036	-0.35236	0.025027	-0.11915	-0.044348	1	0.31317	0.30873	0.25326	-0.057857	0.13218	0.3259	0.38887	0.30292	0.31317	1	0.4005	-0.15117	0.29699	0.32493	0.16322	-0.027039	0.13706	0.30873	0.4005	1	0.19023	-0.20378	0.082473	0.042807	-0.24674	-0.42339	0.25326	-0.15117	0.19023	1	-0.63063	-0.4875	-0.59005	0.56027	0.18036	-0.057857	0.29699	-0.20378	-0.63063	1
