1	0.090331	0.80826	0.26335	0.41318	0.54918	0.31018	-0.040753	0.49099	0.090331	1	0.18492	0.5654	-0.44427	0.39693	0.43431	0.11707	0.13039	0.80826	0.18492	1	0.53078	0.20061	0.5267	0.46318	0.052542	0.46662	0.26335	0.5654	0.53078	1	-0.27617	0.18884	0.70522	0.57398	0.58807	0.41318	-0.44427	0.20061	-0.27617	1	0.19219	-0.22893	-0.27631	0.22126	0.54918	0.39693	0.5267	0.18884	0.19219	1	0.20545	-0.29638	-0.05092	0.31018	0.43431	0.46318	0.70522	-0.22893	0.20545	1	0.65513	0.53443	-0.040753	0.11707	0.052542	0.57398	-0.27631	-0.29638	0.65513	1	0.46369	0.49099	0.13039	0.46662	0.58807	0.22126	-0.05092	0.53443	0.46369	1
