1	0.33996	-0.12042	-0.027323	0.44664	-0.069374	-0.16999	-0.24466	-0.67901	0.33996	1	-0.48221	0.077861	-0.0085634	0.16256	-0.24452	-0.35116	0.024138	-0.12042	-0.48221	1	0.0068329	-0.29327	-0.36432	0.19048	0.15433	0.3204	-0.027323	0.077861	0.0068329	1	-0.0090268	0.062823	-0.39684	-0.23101	-0.0098299	0.44664	-0.0085634	-0.29327	-0.0090268	1	-0.03201	-0.51931	0.070339	-0.54122	-0.069374	0.16256	-0.36432	0.062823	-0.03201	1	0.0046174	-0.073172	0.06428	-0.16999	-0.24452	0.19048	-0.39684	-0.51931	0.0046174	1	0.31709	0.16075	-0.24466	-0.35116	0.15433	-0.23101	0.070339	-0.073172	0.31709	1	-0.1767	-0.67901	0.024138	0.3204	-0.0098299	-0.54122	0.06428	0.16075	-0.1767	1
