1	0.19734	0.32318	-0.19761	-0.12313	0.28341	0.047435	-0.091615	0.40776	0.19734	1	0.27927	-0.50189	-0.36444	0.041176	-0.16844	0.31721	-0.4196	0.32318	0.27927	1	-0.287	-0.19879	0.43256	0.027653	0.30262	-0.38075	-0.19761	-0.50189	-0.287	1	0.27086	-0.36855	0.092258	-0.33163	0.41863	-0.12313	-0.36444	-0.19879	0.27086	1	0.13705	0.16515	-0.0985	0.069663	0.28341	0.041176	0.43256	-0.36855	0.13705	1	0.43011	0.079033	-0.14193	0.047435	-0.16844	0.027653	0.092258	0.16515	0.43011	1	-0.56644	0.45181	-0.091615	0.31721	0.30262	-0.33163	-0.0985	0.079033	-0.56644	1	-0.60117	0.40776	-0.4196	-0.38075	0.41863	0.069663	-0.14193	0.45181	-0.60117	1
