1	-0.086595	0.20904	-0.037259	0.034084	0.45797	0.15807	-0.089379	-0.29605	-0.086595	1	0.64683	0.64517	0.20131	-0.59547	-0.012729	0.38536	0.32953	0.20904	0.64683	1	0.63165	-0.26108	-0.2074	-0.10725	-0.0092176	-0.1214	-0.037259	0.64517	0.63165	1	0.24116	-0.32711	0.40059	0.67057	0.64967	0.034084	0.20131	-0.26108	0.24116	1	-0.23459	0.26557	0.60695	0.65224	0.45797	-0.59547	-0.2074	-0.32711	-0.23459	1	0.28988	-0.14946	-0.38677	0.15807	-0.012729	-0.10725	0.40059	0.26557	0.28988	1	0.50769	0.59221	-0.089379	0.38536	-0.0092176	0.67057	0.60695	-0.14946	0.50769	1	0.85526	-0.29605	0.32953	-0.1214	0.64967	0.65224	-0.38677	0.59221	0.85526	1
