1	0.65563	0.38852	0.58452	0.62286	0.70541	0.7489	0.50932	0.37081	0.65563	1	0.66693	0.77228	0.68414	0.66253	0.62576	0.54442	0.63846	0.38852	0.66693	1	0.85199	0.51102	0.31888	0.10606	0.22087	0.43202	0.58452	0.77228	0.85199	1	0.84031	0.58142	0.51932	0.52532	0.77986	0.62286	0.68414	0.51102	0.84031	1	0.69591	0.68854	0.85262	0.84661	0.70541	0.66253	0.31888	0.58142	0.69591	1	0.76399	0.57215	0.50584	0.7489	0.62576	0.10606	0.51932	0.68854	0.76399	1	0.60052	0.65429	0.50932	0.54442	0.22087	0.52532	0.85262	0.57215	0.60052	1	0.70596	0.37081	0.63846	0.43202	0.77986	0.84661	0.50584	0.65429	0.70596	1
