1	0.57462	0.39396	0.48046	0.6661	0.71453	0.72556	0.66193	0.30614	0.57462	1	0.57068	0.63871	0.59628	0.5293	0.53942	0.71276	0.49626	0.39396	0.57068	1	0.85549	0.59582	0.37016	0.47796	0.60067	0.14047	0.48046	0.63871	0.85549	1	0.86814	0.52752	0.63333	0.82138	0.50553	0.6661	0.59628	0.59582	0.86814	1	0.73378	0.75264	0.88704	0.63704	0.71453	0.5293	0.37016	0.52752	0.73378	1	0.60766	0.59063	0.16074	0.72556	0.53942	0.47796	0.63333	0.75264	0.60766	1	0.72177	0.51615	0.66193	0.71276	0.60067	0.82138	0.88704	0.59063	0.72177	1	0.69355	0.30614	0.49626	0.14047	0.50553	0.63704	0.16074	0.51615	0.69355	1
