1	0.66491	-0.36758	-0.077841	-0.39553	-0.094553	0.19059	-0.21646	-0.59558	0.66491	1	0.30012	0.43953	0.1587	-0.061172	-0.12908	0.30706	-0.011298	-0.36758	0.30012	1	0.87746	0.81418	0.18465	-0.07038	0.80019	0.87282	-0.077841	0.43953	0.87746	1	0.76192	0.13147	0.10399	0.90612	0.75357	-0.39553	0.1587	0.81418	0.76192	1	0.33653	0.2263	0.79702	0.92006	-0.094553	-0.061172	0.18465	0.13147	0.33653	1	0.48115	0.26436	0.43136	0.19059	-0.12908	-0.07038	0.10399	0.2263	0.48115	1	0.18079	0.10491	-0.21646	0.30706	0.80019	0.90612	0.79702	0.26436	0.18079	1	0.80326	-0.59558	-0.011298	0.87282	0.75357	0.92006	0.43136	0.10491	0.80326	1
