1	0.43899	-0.15404	0.30645	0.42149	-0.19477	0.045976	0.00041542	-0.0028433	0.43899	1	-0.22032	0.054347	0.50203	0.038794	0.41182	0.03627	0.041388	-0.15404	-0.22032	1	-0.13514	-0.00065283	0.18435	0.21013	0.073438	-0.71401	0.30645	0.054347	-0.13514	1	0.034052	0.017838	0.11573	-0.012805	-0.090275	0.42149	0.50203	-0.00065283	0.034052	1	0.081222	0.35621	-0.22164	-0.26733	-0.19477	0.038794	0.18435	0.017838	0.081222	1	0.38533	0.04767	0.12904	0.045976	0.41182	0.21013	0.11573	0.35621	0.38533	1	-0.41869	-0.3692	0.00041542	0.03627	0.073438	-0.012805	-0.22164	0.04767	-0.41869	1	-0.0056704	-0.0028433	0.041388	-0.71401	-0.090275	-0.26733	0.12904	-0.3692	-0.0056704	1
