1	0.089602	-0.13072	-0.59805	-0.047264	-0.079729	-0.060127	-0.34304	-0.17321	0.089602	1	-0.39838	-0.071014	-0.35657	-0.42417	-0.15526	-0.37623	0.19001	-0.13072	-0.39838	1	0.38917	0.1655	0.1694	0.44532	0.055274	0.27956	-0.59805	-0.071014	0.38917	1	0.33341	0.050556	0.11346	0.55147	0.014395	-0.047264	-0.35657	0.1655	0.33341	1	0.40276	0.064139	0.4371	-0.19213	-0.079729	-0.42417	0.1694	0.050556	0.40276	1	0.11275	0.57327	-0.20547	-0.060127	-0.15526	0.44532	0.11346	0.064139	0.11275	1	0.032021	-0.10718	-0.34304	-0.37623	0.055274	0.55147	0.4371	0.57327	0.032021	1	-0.15274	-0.17321	0.19001	0.27956	0.014395	-0.19213	-0.20547	-0.10718	-0.15274	1
