1	-0.30426	-0.16018	0.60971	0.062634	0.22515	0.18814	0.37113	0.29478	-0.30426	1	0.13647	-0.19795	-0.24395	-0.46261	-0.050278	-0.247	-0.43448	-0.16018	0.13647	1	-0.092247	0.15103	0.40367	0.50501	-0.10052	-0.48539	0.60971	-0.19795	-0.092247	1	-0.07517	0.29233	0.068848	0.24294	0.35612	0.062634	-0.24395	0.15103	-0.07517	1	0.53516	0.024686	0.64151	0.55455	0.22515	-0.46261	0.40367	0.29233	0.53516	1	0.29253	0.29256	0.27442	0.18814	-0.050278	0.50501	0.068848	0.024686	0.29253	1	-0.089734	-0.38681	0.37113	-0.247	-0.10052	0.24294	0.64151	0.29256	-0.089734	1	0.40215	0.29478	-0.43448	-0.48539	0.35612	0.55455	0.27442	-0.38681	0.40215	1
