1	0.5503	0.50335	0.24005	0.49241	0.092734	0.63044	0.31162	0.73007	0.5503	1	0.96343	0.59826	-0.18729	0.21209	0.46745	0.079858	0.23389	0.50335	0.96343	1	0.58169	-0.31106	0.19032	0.39101	-0.087847	0.090146	0.24005	0.59826	0.58169	1	-0.15251	0.7939	0.57473	0.069953	0.20365	0.49241	-0.18729	-0.31106	-0.15251	1	0.060918	0.52658	0.42253	0.74434	0.092734	0.21209	0.19032	0.7939	0.060918	1	0.58776	-0.11566	0.32181	0.63044	0.46745	0.39101	0.57473	0.52658	0.58776	1	0.089281	0.62502	0.31162	0.079858	-0.087847	0.069953	0.42253	-0.11566	0.089281	1	0.39587	0.73007	0.23389	0.090146	0.20365	0.74434	0.32181	0.62502	0.39587	1
