1	0.24757	-0.02523	0.029701	-0.087552	-0.32383	-0.092921	-0.20006	-0.33611	0.24757	1	0.75858	0.61135	-0.59813	-0.24701	-0.33763	-0.89727	-0.46862	-0.02523	0.75858	1	0.81372	-0.13868	0.31301	-0.19086	-0.64143	-0.26182	0.029701	0.61135	0.81372	1	-0.25945	0.43254	-0.17855	-0.36015	-0.40287	-0.087552	-0.59813	-0.13868	-0.25945	1	0.44986	0.45098	0.46705	0.3156	-0.32383	-0.24701	0.31301	0.43254	0.44986	1	-0.021527	0.36816	0.46144	-0.092921	-0.33763	-0.19086	-0.17855	0.45098	-0.021527	1	0.37278	-0.33506	-0.20006	-0.89727	-0.64143	-0.36015	0.46705	0.36816	0.37278	1	0.3229	-0.33611	-0.46862	-0.26182	-0.40287	0.3156	0.46144	-0.33506	0.3229	1
