1	0.94957	0.65428	0.80611	0.11137	0.011097	-0.16081	0.43062	0.61418	0.94957	1	0.778	0.83581	-0.055211	-0.21895	-0.2055	0.52079	0.47507	0.65428	0.778	1	0.6071	-0.55139	-0.64758	-0.55706	0.19373	-0.11864	0.80611	0.83581	0.6071	1	-0.11088	-0.14602	-0.17897	0.45516	0.53131	0.11137	-0.055211	-0.55139	-0.11088	1	0.83216	0.78706	0.40079	0.72271	0.011097	-0.21895	-0.64758	-0.14602	0.83216	1	0.62607	0.03139	0.61263	-0.16081	-0.2055	-0.55706	-0.17897	0.78706	0.62607	1	0.5985	0.52284	0.43062	0.52079	0.19373	0.45516	0.40079	0.03139	0.5985	1	0.56139	0.61418	0.47507	-0.11864	0.53131	0.72271	0.61263	0.52284	0.56139	1
