1	0.037835	-0.60593	-0.17508	0.54472	0.27249	-0.26451	0.17477	-0.052201	0.037835	1	0.0039354	-0.55071	0.22127	0.78042	0.017785	0.40135	-0.12174	-0.60593	0.0039354	1	-0.34115	-0.58318	-0.23375	-0.24288	-0.41768	-0.37031	-0.17508	-0.55071	-0.34115	1	-0.22505	-0.66501	0.32244	-0.016914	0.44072	0.54472	0.22127	-0.58318	-0.22505	1	0.53094	-0.27989	0.59777	0.44107	0.27249	0.78042	-0.23375	-0.66501	0.53094	1	0.074601	0.60065	0.015681	-0.26451	0.017785	-0.24288	0.32244	-0.27989	0.074601	1	0.2114	-0.036088	0.17477	0.40135	-0.41768	-0.016914	0.59777	0.60065	0.2114	1	0.59647	-0.052201	-0.12174	-0.37031	0.44072	0.44107	0.015681	-0.036088	0.59647	1
