1	-0.11282	-0.1281	0.55779	0.69225	0.20295	-0.25776	0.16204	0.59777	-0.11282	1	0.25427	-0.41907	-0.15588	-0.38605	-0.44009	0.12385	-0.14713	-0.1281	0.25427	1	-0.38529	0.43331	0.036491	0.25621	0.20334	-0.13663	0.55779	-0.41907	-0.38529	1	0.43674	0.52954	0.22727	0.55127	0.46531	0.69225	-0.15588	0.43331	0.43674	1	0.29191	0.17744	0.4855	0.59325	0.20295	-0.38605	0.036491	0.52954	0.29191	1	0.4129	0.12129	-0.14627	-0.25776	-0.44009	0.25621	0.22727	0.17744	0.4129	1	0.12803	-0.26088	0.16204	0.12385	0.20334	0.55127	0.4855	0.12129	0.12803	1	0.49717	0.59777	-0.14713	-0.13663	0.46531	0.59325	-0.14627	-0.26088	0.49717	1
