1	-0.1404	0.040212	-0.30137	0.35741	0.38017	-0.17256	-0.10302	-0.26101	-0.1404	1	0.34176	-0.31873	-0.23994	0.057001	-0.20064	-0.15901	-0.3453	0.040212	0.34176	1	-0.33107	0.19923	-0.21115	0.38989	0.41177	-0.12911	-0.30137	-0.31873	-0.33107	1	-0.49631	-0.31437	0.19617	0.54323	0.32058	0.35741	-0.23994	0.19923	-0.49631	1	0.065893	-0.070163	-0.20367	0.052111	0.38017	0.057001	-0.21115	-0.31437	0.065893	1	-0.34514	-0.55476	-0.49794	-0.17256	-0.20064	0.38989	0.19617	-0.070163	-0.34514	1	0.67817	0.16861	-0.10302	-0.15901	0.41177	0.54323	-0.20367	-0.55476	0.67817	1	0.31674	-0.26101	-0.3453	-0.12911	0.32058	0.052111	-0.49794	0.16861	0.31674	1
