1	0.69033	0.024442	0.37654	0.18587	0.3755	0.037908	0.014873	0.27934	0.69033	1	0.17188	0.36331	0.4049	0.006785	-0.03199	0.19653	0.69081	0.024442	0.17188	1	0.24909	0.58261	-0.40343	0.25678	0.52394	0.15146	0.37654	0.36331	0.24909	1	0.58149	-0.37013	-0.60119	0.41963	0.0014306	0.18587	0.4049	0.58261	0.58149	1	-0.45242	-0.13512	0.53984	0.16636	0.3755	0.006785	-0.40343	-0.37013	-0.45242	1	-0.045438	-0.15605	0.1757	0.037908	-0.03199	0.25678	-0.60119	-0.13512	-0.045438	1	-0.42869	-0.16044	0.014873	0.19653	0.52394	0.41963	0.53984	-0.15605	-0.42869	1	0.51134	0.27934	0.69081	0.15146	0.0014306	0.16636	0.1757	-0.16044	0.51134	1
