1	0.2495	-0.035138	0.25742	0.32748	-0.33038	-0.15085	-0.26756	0.13408	0.2495	1	-0.39904	0.47352	0.073118	-0.23217	-0.4406	0.61961	0.17753	-0.035138	-0.39904	1	0.044649	-0.18217	0.0016089	0.048615	-0.28916	-0.13135	0.25742	0.47352	0.044649	1	0.02532	-0.016376	-0.58582	0.35035	0.36704	0.32748	0.073118	-0.18217	0.02532	1	0.275	0.053266	0.012023	-0.35816	-0.33038	-0.23217	0.0016089	-0.016376	0.275	1	0.46523	0.1883	-0.31657	-0.15085	-0.4406	0.048615	-0.58582	0.053266	0.46523	1	-0.37571	-0.74365	-0.26756	0.61961	-0.28916	0.35035	0.012023	0.1883	-0.37571	1	0.17368	0.13408	0.17753	-0.13135	0.36704	-0.35816	-0.31657	-0.74365	0.17368	1
