1	0.22308	0.0076019	-0.52354	0.38639	0.34622	0.42371	-0.24425	0.17336	0.22308	1	0.27798	-0.073824	0.48989	0.743	0.32235	-0.52247	0.59449	0.0076019	0.27798	1	0.41751	0.14974	0.25969	0.12223	-0.5205	0.032344	-0.52354	-0.073824	0.41751	1	-0.47888	-0.37879	-0.19488	-0.20157	-0.14276	0.38639	0.48989	0.14974	-0.47888	1	0.72489	0.59392	-0.51053	0.45115	0.34622	0.743	0.25969	-0.37879	0.72489	1	0.29569	-0.53623	0.77426	0.42371	0.32235	0.12223	-0.19488	0.59392	0.29569	1	-0.51712	0.14598	-0.24425	-0.52247	-0.5205	-0.20157	-0.51053	-0.53623	-0.51712	1	-0.28079	0.17336	0.59449	0.032344	-0.14276	0.45115	0.77426	0.14598	-0.28079	1
