1	0.0074227	0.40107	0.6203	-0.10753	0.0069273	0.024787	-0.14093	0.20243	0.0074227	1	-0.3621	0.045927	0.75556	-0.073735	-0.4983	0.31292	0.3181	0.40107	-0.3621	1	0.44314	-0.63467	0.037601	-0.21018	-0.014677	0.44393	0.6203	0.045927	0.44314	1	-0.11542	-0.44483	-0.048747	0.18395	-0.0090759	-0.10753	0.75556	-0.63467	-0.11542	1	0.10835	-0.17432	0.20279	-0.12021	0.0069273	-0.073735	0.037601	-0.44483	0.10835	1	-0.21282	0.20715	0.2833	0.024787	-0.4983	-0.21018	-0.048747	-0.17432	-0.21282	1	-0.28066	-0.65673	-0.14093	0.31292	-0.014677	0.18395	0.20279	0.20715	-0.28066	1	0.27448	0.20243	0.3181	0.44393	-0.0090759	-0.12021	0.2833	-0.65673	0.27448	1
