1	0.20877	0.27495	-0.23464	0.74678	0.22693	-0.29457	-0.12836	0.28317	0.20877	1	0.39563	0.80816	0.64766	-0.27837	-0.23621	-0.21878	0.18292	0.27495	0.39563	1	0.3773	0.35772	-0.35262	-0.37961	-0.43949	0.63142	-0.23464	0.80816	0.3773	1	0.27764	-0.40098	-0.033324	-0.27654	0.13893	0.74678	0.64766	0.35772	0.27764	1	0.20785	-0.16444	-0.21479	0.46408	0.22693	-0.27837	-0.35262	-0.40098	0.20785	1	0.15913	-0.38016	-0.11205	-0.29457	-0.23621	-0.37961	-0.033324	-0.16444	0.15913	1	0.16496	0.059157	-0.12836	-0.21878	-0.43949	-0.27654	-0.21479	-0.38016	0.16496	1	0.03397	0.28317	0.18292	0.63142	0.13893	0.46408	-0.11205	0.059157	0.03397	1
