1	0.21854	-0.43066	0.46859	-0.33918	0.23393	-0.18321	-0.53011	-0.37887	0.21854	1	-0.33726	0.34496	0.0772	-0.44791	-0.30756	-0.0077494	-0.098856	-0.43066	-0.33726	1	-0.11103	-0.10906	0.28088	0.16824	0.22355	0.35552	0.46859	0.34496	-0.11103	1	-0.55943	-0.38475	0.36119	-0.14703	-0.70649	-0.33918	0.0772	-0.10906	-0.55943	1	0.033989	-0.47199	0.67394	0.54471	0.23393	-0.44791	0.28088	-0.38475	0.033989	1	-0.051657	-0.23793	0.43551	-0.18321	-0.30756	0.16824	0.36119	-0.47199	-0.051657	1	-0.095506	-0.44017	-0.53011	-0.0077494	0.22355	-0.14703	0.67394	-0.23793	-0.095506	1	0.10454	-0.37887	-0.098856	0.35552	-0.70649	0.54471	0.43551	-0.44017	0.10454	1
