1	-0.039704	-0.13692	-0.30342	0.50488	0.54972	0.29126	-0.19994	0.36877	-0.039704	1	-0.039897	0.178	0.31895	0.51608	0.061918	0.26493	-0.35137	-0.13692	-0.039897	1	0.14087	-0.080247	-0.23331	0.31803	-0.023727	-0.20157	-0.30342	0.178	0.14087	1	-0.12361	-0.3501	0.56102	-0.12538	-0.18891	0.50488	0.31895	-0.080247	-0.12361	1	0.58117	0.3327	-0.36059	-0.17672	0.54972	0.51608	-0.23331	-0.3501	0.58117	1	-0.23478	0.1893	-0.21549	0.29126	0.061918	0.31803	0.56102	0.3327	-0.23478	1	-0.60948	0.25648	-0.19994	0.26493	-0.023727	-0.12538	-0.36059	0.1893	-0.60948	1	-0.45163	0.36877	-0.35137	-0.20157	-0.18891	-0.17672	-0.21549	0.25648	-0.45163	1
