1	0.40301	0.15926	-0.024894	0.31431	0.5146	0.34961	-0.17025	-0.38352	0.40301	1	-0.16357	-0.11426	0.80654	0.25305	0.39665	-0.47925	-0.022292	0.15926	-0.16357	1	0.32508	-0.50677	0.22394	-0.34967	0.1442	-0.30751	-0.024894	-0.11426	0.32508	1	-0.47572	-0.31717	-0.068953	0.49655	0.054524	0.31431	0.80654	-0.50677	-0.47572	1	0.18882	0.42869	-0.46718	0.11937	0.5146	0.25305	0.22394	-0.31717	0.18882	1	0.52774	-0.26028	-0.73498	0.34961	0.39665	-0.34967	-0.068953	0.42869	0.52774	1	-0.10889	-0.22282	-0.17025	-0.47925	0.1442	0.49655	-0.46718	-0.26028	-0.10889	1	0.25084	-0.38352	-0.022292	-0.30751	0.054524	0.11937	-0.73498	-0.22282	0.25084	1
