1	-0.14607	-0.31424	0.39644	0.36099	0.2345	0.1243	0.55364	-0.069941	-0.14607	1	-0.023593	0.33318	-0.78687	-0.72896	-0.7208	0.030444	-0.18961	-0.31424	-0.023593	1	-0.45696	-0.40244	0.12466	0.010956	-0.59423	-0.1072	0.39644	0.33318	-0.45696	1	-0.10977	-0.2767	-0.54499	0.21067	-0.4151	0.36099	-0.78687	-0.40244	-0.10977	1	0.44805	0.7142	0.17428	0.31884	0.2345	-0.72896	0.12466	-0.2767	0.44805	1	0.64869	0.014454	0.11389	0.1243	-0.7208	0.010956	-0.54499	0.7142	0.64869	1	-0.0094683	0.49508	0.55364	0.030444	-0.59423	0.21067	0.17428	0.014454	-0.0094683	1	-0.17927	-0.069941	-0.18961	-0.1072	-0.4151	0.31884	0.11389	0.49508	-0.17927	1
