1	-0.55279	0.29986	0.34923	-0.40132	0.029061	-0.42283	0.2663	0.47555	-0.55279	1	0.39039	-0.64729	0.59979	0.1079	0.52934	-0.43587	-0.26121	0.29986	0.39039	1	-0.021316	0.13383	-0.063603	-0.030371	-0.10807	0.064328	0.34923	-0.64729	-0.021316	1	-0.74497	0.14087	-0.71387	0.63493	-0.20272	-0.40132	0.59979	0.13383	-0.74497	1	-0.45164	0.72359	-0.55304	-0.13793	0.029061	0.1079	-0.063603	0.14087	-0.45164	1	-0.14649	0.63954	0.037376	-0.42283	0.52934	-0.030371	-0.71387	0.72359	-0.14649	1	-0.30078	0.1756	0.2663	-0.43587	-0.10807	0.63493	-0.55304	0.63954	-0.30078	1	-0.085531	0.47555	-0.26121	0.064328	-0.20272	-0.13793	0.037376	0.1756	-0.085531	1
