1	-0.58039	-0.57827	-0.24102	0.50895	0.12521	0.1759	0.40209	0.53713	-0.58039	1	0.42666	0.49047	-0.47004	-0.070201	-0.5233	0.23887	-0.28343	-0.57827	0.42666	1	-0.013662	0.049863	0.071273	-0.30526	-0.13733	-0.59106	-0.24102	0.49047	-0.013662	1	-0.78274	-0.63547	0.00028622	0.17149	0.031031	0.50895	-0.47004	0.049863	-0.78274	1	0.37329	-0.11124	0.13448	-0.12772	0.12521	-0.070201	0.071273	-0.63547	0.37329	1	-0.15474	0.13907	0.22646	0.1759	-0.5233	-0.30526	0.00028622	-0.11124	-0.15474	1	-0.18863	0.48019	0.40209	0.23887	-0.13733	0.17149	0.13448	0.13907	-0.18863	1	0.081725	0.53713	-0.28343	-0.59106	0.031031	-0.12772	0.22646	0.48019	0.081725	1
