1	0.67255	0.67314	0.52554	0.43684	0.17593	0.77845	0.43234	0.47129	0.67255	1	0.82415	0.67319	0.77079	0.2905	0.37594	-0.058284	0.1296	0.67314	0.82415	1	0.41844	0.64159	0.39388	0.31288	0.16884	0.33454	0.52554	0.67319	0.41844	1	0.55238	0.50806	0.30193	0.038378	0.51114	0.43684	0.77079	0.64159	0.55238	1	0.46096	0.21806	0.0686	0.21181	0.17593	0.2905	0.39388	0.50806	0.46096	1	0.11109	0.39599	0.59989	0.77845	0.37594	0.31288	0.30193	0.21806	0.11109	1	0.62445	0.39053	0.43234	-0.058284	0.16884	0.038378	0.0686	0.39599	0.62445	1	0.67285	0.47129	0.1296	0.33454	0.51114	0.21181	0.59989	0.39053	0.67285	1
