1	0.64016	0.35603	0.28113	0.55813	0.62342	0.70341	0.37005	0.44865	0.64016	1	0.69345	0.22184	0.23066	0.2022	0.21761	0.28922	0.31487	0.35603	0.69345	1	0.6911	0.38115	0.52482	0.26976	0.59407	0.60838	0.28113	0.22184	0.6911	1	0.48487	0.70158	0.3539	0.48629	0.73797	0.55813	0.23066	0.38115	0.48487	1	0.61861	0.84972	0.34725	0.81466	0.62342	0.2022	0.52482	0.70158	0.61861	1	0.74181	0.60196	0.56876	0.70341	0.21761	0.26976	0.3539	0.84972	0.74181	1	0.29238	0.59531	0.37005	0.28922	0.59407	0.48629	0.34725	0.60196	0.29238	1	0.57613	0.44865	0.31487	0.60838	0.73797	0.81466	0.56876	0.59531	0.57613	1
