1	0.27791	0.17992	-0.15532	-0.57325	-0.44335	0.11897	-0.18139	-0.19167	0.27791	1	0.3503	-0.061906	-0.4361	-0.50758	0.06697	0.11048	-0.4194	0.17992	0.3503	1	0.52428	0.36729	0.38714	-0.021037	0.61701	0.36829	-0.15532	-0.061906	0.52428	1	0.73281	0.67201	-0.66773	0.51799	0.72018	-0.57325	-0.4361	0.36729	0.73281	1	0.87589	-0.44149	0.54024	0.81843	-0.44335	-0.50758	0.38714	0.67201	0.87589	1	-0.40163	0.45682	0.72473	0.11897	0.06697	-0.021037	-0.66773	-0.44149	-0.40163	1	-0.11201	-0.48812	-0.18139	0.11048	0.61701	0.51799	0.54024	0.45682	-0.11201	1	0.17643	-0.19167	-0.4194	0.36829	0.72018	0.81843	0.72473	-0.48812	0.17643	1
