1	-0.12514	0.031199	-0.18663	0.39406	0.19938	0.047864	0.49295	0.41027	-0.12514	1	0.39523	0.24716	0.1099	-0.42789	-0.71173	-0.24311	0.20338	0.031199	0.39523	1	0.90539	0.88548	0.62352	-0.073093	-0.00092718	0.82068	-0.18663	0.24716	0.90539	1	0.75412	0.68968	0.096906	-0.065491	0.66162	0.39406	0.1099	0.88548	0.75412	1	0.76206	0.013124	0.12853	0.91188	0.19938	-0.42789	0.62352	0.68968	0.76206	1	0.52471	0.18002	0.61192	0.047864	-0.71173	-0.073093	0.096906	0.013124	0.52471	1	0.61963	-0.058891	0.49295	-0.24311	-0.00092718	-0.065491	0.12853	0.18002	0.61963	1	0.20694	0.41027	0.20338	0.82068	0.66162	0.91188	0.61192	-0.058891	0.20694	1
