1	0.88057	0.26467	0.81365	0.75964	0.79303	0.84012	0.39302	0.73184	0.88057	1	0.17275	0.67336	0.5452	0.75204	0.65977	0.4504	0.67442	0.26467	0.17275	1	0.63637	0.67556	0.62563	0.49512	-0.25773	0.56972	0.81365	0.67336	0.63637	1	0.90449	0.87052	0.92312	0.26197	0.86364	0.75964	0.5452	0.67556	0.90449	1	0.82376	0.86234	-0.063248	0.8282	0.79303	0.75204	0.62563	0.87052	0.82376	1	0.77762	0.29818	0.84499	0.84012	0.65977	0.49512	0.92312	0.86234	0.77762	1	0.32456	0.69399	0.39302	0.4504	-0.25773	0.26197	-0.063248	0.29818	0.32456	1	0.10278	0.73184	0.67442	0.56972	0.86364	0.8282	0.84499	0.69399	0.10278	1
