1	-0.1525	-0.38653	-0.30817	0.026364	0.10136	0.51268	-0.37067	-0.41437	-0.1525	1	-0.0070695	0.4296	0.36739	0.40353	-0.34705	0.068145	-0.16114	-0.38653	-0.0070695	1	0.12723	-0.48753	-0.21778	0.051006	0.10298	0.29281	-0.30817	0.4296	0.12723	1	0.44115	0.53382	-0.64346	-0.025076	-0.2604	0.026364	0.36739	-0.48753	0.44115	1	0.72217	-0.43172	-0.41521	-0.59163	0.10136	0.40353	-0.21778	0.53382	0.72217	1	-0.27959	-0.29657	-0.56774	0.51268	-0.34705	0.051006	-0.64346	-0.43172	-0.27959	1	-0.18233	0.35042	-0.37067	0.068145	0.10298	-0.025076	-0.41521	-0.29657	-0.18233	1	0.43538	-0.41437	-0.16114	0.29281	-0.2604	-0.59163	-0.56774	0.35042	0.43538	1
