1	0.57426	0.81374	-0.039753	0.1302	0.21287	-0.010529	0.52703	0.19115	0.57426	1	0.67846	-0.29253	0.40676	-0.084552	0.56156	0.31628	-0.14347	0.81374	0.67846	1	-0.28269	-0.10052	0.23063	0.022414	0.41613	-0.13888	-0.039753	-0.29253	-0.28269	1	0.4281	0.40427	-0.096422	-0.27372	-0.096204	0.1302	0.40676	-0.10052	0.4281	1	-0.14915	0.60957	0.15393	0.13063	0.21287	-0.084552	0.23063	0.40427	-0.14915	1	-0.25927	0.0067418	-0.34581	-0.010529	0.56156	0.022414	-0.096422	0.60957	-0.25927	1	-0.14369	0.0050174	0.52703	0.31628	0.41613	-0.27372	0.15393	0.0067418	-0.14369	1	0.092213	0.19115	-0.14347	-0.13888	-0.096204	0.13063	-0.34581	0.0050174	0.092213	1
