1	0.37539	0.029916	-0.40969	0.416	-0.14092	0.20866	-0.14567	0.22654	0.37539	1	0.15462	-0.63871	0.16672	-0.18038	0.31037	-0.012408	0.010194	0.029916	0.15462	1	0.33832	0.13021	-0.58222	0.38097	0.18274	0.054603	-0.40969	-0.63871	0.33832	1	-0.2398	0.098726	-0.14497	-0.058437	-0.20397	0.416	0.16672	0.13021	-0.2398	1	-0.55396	-0.35449	0.60886	0.10308	-0.14092	-0.18038	-0.58222	0.098726	-0.55396	1	-0.3159	-0.49279	0.18711	0.20866	0.31037	0.38097	-0.14497	-0.35449	-0.3159	1	-0.24214	-0.18053	-0.14567	-0.012408	0.18274	-0.058437	0.60886	-0.49279	-0.24214	1	0.16082	0.22654	0.010194	0.054603	-0.20397	0.10308	0.18711	-0.18053	0.16082	1
