1	0.18321	-0.13349	0.5169	-0.16065	0.28514	0.18569	-0.3242	-0.082869	0.18321	1	0.45425	0.36182	-0.03125	-0.045597	0.36379	0.70433	0.30449	-0.13349	0.45425	1	0.17569	0.026133	-0.65749	-0.020981	0.59806	-0.060936	0.5169	0.36182	0.17569	1	0.37612	0.025863	0.44607	0.059172	0.15808	-0.16065	-0.03125	0.026133	0.37612	1	-0.058149	-0.14377	0.34777	0.214	0.28514	-0.045597	-0.65749	0.025863	-0.058149	1	-0.22725	-0.41867	0.35636	0.18569	0.36379	-0.020981	0.44607	-0.14377	-0.22725	1	0.15083	0.049388	-0.3242	0.70433	0.59806	0.059172	0.34777	-0.41867	0.15083	1	0.21763	-0.082869	0.30449	-0.060936	0.15808	0.214	0.35636	0.049388	0.21763	1
