1	0.50729	-0.18764	0.042913	-0.32718	0.33886	0.2665	0.4027	0.36461	0.50729	1	-0.23284	0.19051	-0.20384	0.4354	0.13229	0.21318	0.51505	-0.18764	-0.23284	1	-0.27896	-0.14791	0.054281	0.54281	0.26691	0.29307	0.042913	0.19051	-0.27896	1	-0.0039281	-0.36722	-0.10512	0.43323	-0.17975	-0.32718	-0.20384	-0.14791	-0.0039281	1	-0.46399	0.15756	-0.16327	-0.67812	0.33886	0.4354	0.054281	-0.36722	-0.46399	1	-0.057481	-0.040628	0.69207	0.2665	0.13229	0.54281	-0.10512	0.15756	-0.057481	1	0.64418	0.059763	0.4027	0.21318	0.26691	0.43323	-0.16327	-0.040628	0.64418	1	0.15452	0.36461	0.51505	0.29307	-0.17975	-0.67812	0.69207	0.059763	0.15452	1
