1	-0.045332	-0.83742	0.30857	-0.87512	0.24341	0.31503	0.36965	0.23667	-0.045332	1	0.34851	0.073764	0.37042	0.52815	-0.49834	-0.23439	0.46778	-0.83742	0.34851	1	-0.13617	0.81456	0.013668	-0.46933	-0.56346	-0.22529	0.30857	0.073764	-0.13617	1	-0.32049	0.63185	0.22702	0.18448	-0.1121	-0.87512	0.37042	0.81456	-0.32049	1	-0.062143	-0.41802	-0.4249	0.15233	0.24341	0.52815	0.013668	0.63185	-0.062143	1	0.18307	0.38899	0.38158	0.31503	-0.49834	-0.46933	0.22702	-0.41802	0.18307	1	0.83573	0.13333	0.36965	-0.23439	-0.56346	0.18448	-0.4249	0.38899	0.83573	1	0.33015	0.23667	0.46778	-0.22529	-0.1121	0.15233	0.38158	0.13333	0.33015	1
