1	0.37275	-0.2449	-0.095923	0.032492	0.031099	-0.10041	-0.039328	0.37795	0.37275	1	0.22232	-0.53026	0.028389	-0.0561	-0.58384	-0.47744	-0.12113	-0.2449	0.22232	1	0.032949	-0.11434	-0.16325	0.14281	0.2657	0.063557	-0.095923	-0.53026	0.032949	1	0.51773	-0.29898	0.26299	0.36477	0.028771	0.032492	0.028389	-0.11434	0.51773	1	-0.83323	-0.24903	-0.42788	-0.62548	0.031099	-0.0561	-0.16325	-0.29898	-0.83323	1	0.074548	0.38252	0.54619	-0.10041	-0.58384	0.14281	0.26299	-0.24903	0.074548	1	0.72396	0.4579	-0.039328	-0.47744	0.2657	0.36477	-0.42788	0.38252	0.72396	1	0.75572	0.37795	-0.12113	0.063557	0.028771	-0.62548	0.54619	0.4579	0.75572	1
