1	0.48937	-0.31239	0.033197	-0.16736	0.19643	-0.24982	-0.14888	0.57536	0.48937	1	0.4131	0.18523	-0.27562	0.38917	0.15829	0.10304	0.4724	-0.31239	0.4131	1	0.34401	0.16123	-0.084541	0.42648	-0.111	0.2727	0.033197	0.18523	0.34401	1	0.1894	-0.17708	0.62109	0.21226	0.068276	-0.16736	-0.27562	0.16123	0.1894	1	-0.64261	0.16236	0.086308	-0.17656	0.19643	0.38917	-0.084541	-0.17708	-0.64261	1	-0.34546	0.091638	0.33568	-0.24982	0.15829	0.42648	0.62109	0.16236	-0.34546	1	0.19341	-0.12447	-0.14888	0.10304	-0.111	0.21226	0.086308	0.091638	0.19341	1	-0.46251	0.57536	0.4724	0.2727	0.068276	-0.17656	0.33568	-0.12447	-0.46251	1
