1	0.12426	-0.36327	0.42858	-0.047313	0.2541	-0.14103	0.27673	-0.30082	0.12426	1	-0.0053493	0.27669	0.50401	-0.41994	-0.38349	0.22555	-0.39919	-0.36327	-0.0053493	1	-0.51877	-0.25398	0.12878	0.14188	-0.003767	0.12192	0.42858	0.27669	-0.51877	1	0.069568	-0.093872	-0.22836	0.47792	-0.57916	-0.047313	0.50401	-0.25398	0.069568	1	-0.86485	-0.054558	-0.19012	0.026054	0.2541	-0.41994	0.12878	-0.093872	-0.86485	1	0.02946	0.17687	0.097073	-0.14103	-0.38349	0.14188	-0.22836	-0.054558	0.02946	1	-0.70406	0.36231	0.27673	0.22555	-0.003767	0.47792	-0.19012	0.17687	-0.70406	1	-0.39034	-0.30082	-0.39919	0.12192	-0.57916	0.026054	0.097073	0.36231	-0.39034	1
