1	0.11652	-0.65957	0.20707	-0.022393	-0.18068	0.65886	-0.086191	0.28813	0.11652	1	-0.21349	0.32046	0.85957	-0.21476	0.32208	-0.51652	-0.60794	-0.65957	-0.21349	1	0.033441	-0.053931	0.38099	-0.53915	0.47441	-0.16631	0.20707	0.32046	0.033441	1	0.1487	-0.37256	0.040976	-0.50159	-0.30673	-0.022393	0.85957	-0.053931	0.1487	1	-0.18594	0.15652	-0.42747	-0.68751	-0.18068	-0.21476	0.38099	-0.37256	-0.18594	1	-0.28775	0.60627	0.023146	0.65886	0.32208	-0.53915	0.040976	0.15652	-0.28775	1	-0.21956	0.29532	-0.086191	-0.51652	0.47441	-0.50159	-0.42747	0.60627	-0.21956	1	0.32156	0.28813	-0.60794	-0.16631	-0.30673	-0.68751	0.023146	0.29532	0.32156	1
