1	0.41446	0.31282	-0.092706	0.45791	0.55022	-0.037572	-0.052208	-0.11758	0.41446	1	0.19421	0.18308	-0.038919	0.15877	-0.2422	-0.37509	-0.34304	0.31282	0.19421	1	0.060525	0.58955	-0.18024	-0.088503	-0.69997	0.18033	-0.092706	0.18308	0.060525	1	-0.28919	-0.50318	0.14974	-0.0508	-0.10019	0.45791	-0.038919	0.58955	-0.28919	1	0.11799	0.46946	-0.1622	0.088324	0.55022	0.15877	-0.18024	-0.50318	0.11799	1	-0.0030494	0.15632	-0.20694	-0.037572	-0.2422	-0.088503	0.14974	0.46946	-0.0030494	1	0.41125	-0.10006	-0.052208	-0.37509	-0.69997	-0.0508	-0.1622	0.15632	0.41125	1	0.10413	-0.11758	-0.34304	0.18033	-0.10019	0.088324	-0.20694	-0.10006	0.10413	1
