1	0.038772	-0.50334	-0.0037802	0.18154	-0.24978	-0.26756	0.00011919	0.088058	0.038772	1	0.1451	-0.071634	0.23715	-0.15709	-0.6889	0.091412	-0.1821	-0.50334	0.1451	1	0.70853	-0.51458	-0.11628	-0.29515	0.19372	0.21972	-0.0037802	-0.071634	0.70853	1	-0.78943	0.0041402	-0.27307	0.15162	0.51898	0.18154	0.23715	-0.51458	-0.78943	1	-0.27523	0.051029	0.3274	-0.47613	-0.24978	-0.15709	-0.11628	0.0041402	-0.27523	1	0.27823	-0.076878	0.57992	-0.26756	-0.6889	-0.29515	-0.27307	0.051029	0.27823	1	-0.22727	-0.13425	0.00011919	0.091412	0.19372	0.15162	0.3274	-0.076878	-0.22727	1	0.041298	0.088058	-0.1821	0.21972	0.51898	-0.47613	0.57992	-0.13425	0.041298	1
