1	0.46354	0.060781	-0.65663	0.80854	-0.44031	0.48664	-0.097667	0.32527	0.46354	1	-0.15954	-0.13559	0.2783	0.35862	0.044178	0.38582	0.3606	0.060781	-0.15954	1	0.30213	-0.24286	-0.20692	0.5218	-0.15015	-0.48592	-0.65663	-0.13559	0.30213	1	-0.89868	0.54222	0.095596	0.38829	-0.43779	0.80854	0.2783	-0.24286	-0.89868	1	-0.61025	0.11478	-0.38708	0.49777	-0.44031	0.35862	-0.20692	0.54222	-0.61025	1	-0.26808	0.73374	-0.20021	0.48664	0.044178	0.5218	0.095596	0.11478	-0.26808	1	0.2524	-0.17651	-0.097667	0.38582	-0.15015	0.38829	-0.38708	0.73374	0.2524	1	-0.11357	0.32527	0.3606	-0.48592	-0.43779	0.49777	-0.20021	-0.17651	-0.11357	1
