1	-0.77628	-0.013972	0.14757	0.24385	-0.44408	0.078309	-0.51911	0.40809	-0.77628	1	0.10102	-0.10958	-0.10452	0.17436	-0.16904	0.57	-0.51915	-0.013972	0.10102	1	-0.058731	0.45559	0.358	-0.21015	-0.20192	-0.26874	0.14757	-0.10958	-0.058731	1	0.18456	0.27882	0.60584	-0.4463	0.61029	0.24385	-0.10452	0.45559	0.18456	1	0.14385	-0.40392	-0.46423	0.11997	-0.44408	0.17436	0.358	0.27882	0.14385	1	0.33254	-0.27013	0.15233	0.078309	-0.16904	-0.21015	0.60584	-0.40392	0.33254	1	-0.34592	0.53984	-0.51911	0.57	-0.20192	-0.4463	-0.46423	-0.27013	-0.34592	1	-0.68059	0.40809	-0.51915	-0.26874	0.61029	0.11997	0.15233	0.53984	-0.68059	1
