1	-0.27834	-0.064902	0.033454	-0.011657	0.019435	0.42277	0.43566	0.051309	-0.27834	1	0.30266	0.27936	0.028647	-0.53374	0.16565	-0.032726	-0.23843	-0.064902	0.30266	1	-0.14852	0.54841	-0.4078	-0.30293	0.46781	-0.43412	0.033454	0.27936	-0.14852	1	-0.31529	0.060735	0.34735	-0.30506	-0.024803	-0.011657	0.028647	0.54841	-0.31529	1	-0.69257	-0.50041	0.53281	-0.26177	0.019435	-0.53374	-0.4078	0.060735	-0.69257	1	0.13472	-0.40979	0.076693	0.42277	0.16565	-0.30293	0.34735	-0.50041	0.13472	1	0.1488	0.33634	0.43566	-0.032726	0.46781	-0.30506	0.53281	-0.40979	0.1488	1	-0.19133	0.051309	-0.23843	-0.43412	-0.024803	-0.26177	0.076693	0.33634	-0.19133	1
