1	0.30878	-0.68439	-0.39677	0.8444	0.22086	0.10097	0.11012	0.14335	0.30878	1	-0.10678	-0.40488	0.38521	0.19073	-0.48747	0.041955	0.40718	-0.68439	-0.10678	1	0.4125	-0.38741	-0.48234	0.0095128	-0.21657	-0.031591	-0.39677	-0.40488	0.4125	1	-0.41162	-0.29879	0.51296	0.61517	-0.22172	0.8444	0.38521	-0.38741	-0.41162	1	0.19705	0.082251	-0.082104	0.030423	0.22086	0.19073	-0.48234	-0.29879	0.19705	1	-0.027029	0.15066	0.14741	0.10097	-0.48747	0.0095128	0.51296	0.082251	-0.027029	1	0.17576	-0.52511	0.11012	0.041955	-0.21657	0.61517	-0.082104	0.15066	0.17576	1	0.032863	0.14335	0.40718	-0.031591	-0.22172	0.030423	0.14741	-0.52511	0.032863	1
