1	0.22376	0.0059537	0.10414	0.75417	-0.28564	-0.50337	0.078776	-0.65903	0.22376	1	-0.08258	-0.5364	0.6222	0.24759	0.010984	0.47814	0.31657	0.0059537	-0.08258	1	-0.098546	0.050828	0.42143	0.30469	-0.082912	-0.021974	0.10414	-0.5364	-0.098546	1	-0.3883	-0.40684	-0.092435	-0.085502	-0.087436	0.75417	0.6222	0.050828	-0.3883	1	-0.053432	-0.40249	0.30373	-0.323	-0.28564	0.24759	0.42143	-0.40684	-0.053432	1	0.77536	-0.11666	0.32494	-0.50337	0.010984	0.30469	-0.092435	-0.40249	0.77536	1	-0.36372	0.33416	0.078776	0.47814	-0.082912	-0.085502	0.30373	-0.11666	-0.36372	1	0.31957	-0.65903	0.31657	-0.021974	-0.087436	-0.323	0.32494	0.33416	0.31957	1
