1	0.026898	-0.10015	0.75778	0.2799	-0.077249	0.46034	-0.13374	-0.36535	0.026898	1	-0.17316	0.087165	0.50908	0.25361	0.52967	-0.26699	-0.33718	-0.10015	-0.17316	1	-0.071469	-0.1738	0.0041493	0.08216	-0.22712	-0.21287	0.75778	0.087165	-0.071469	1	0.40265	-0.070423	0.5052	-0.10637	-0.61791	0.2799	0.50908	-0.1738	0.40265	1	0.52622	0.3598	-0.13002	-0.56439	-0.077249	0.25361	0.0041493	-0.070423	0.52622	1	0.42596	-0.061102	0.19835	0.46034	0.52967	0.08216	0.5052	0.3598	0.42596	1	-0.42056	-0.19632	-0.13374	-0.26699	-0.22712	-0.10637	-0.13002	-0.061102	-0.42056	1	0.24499	-0.36535	-0.33718	-0.21287	-0.61791	-0.56439	0.19835	-0.19632	0.24499	1
