1	-0.38404	0.25151	0.071591	0.32798	0.41944	0.048296	-0.09396	-0.056349	-0.38404	1	-0.44086	-0.3264	-0.16453	-0.42839	-0.18099	0.67427	-0.11969	0.25151	-0.44086	1	0.024155	0.30973	0.31895	-0.1864	-0.29799	0.31439	0.071591	-0.3264	0.024155	1	-0.39244	0.48141	0.042223	-0.40605	-0.0037065	0.32798	-0.16453	0.30973	-0.39244	1	-0.07865	0.40268	0.36484	0.10146	0.41944	-0.42839	0.31895	0.48141	-0.07865	1	0.13924	-0.24018	-0.18005	0.048296	-0.18099	-0.1864	0.042223	0.40268	0.13924	1	0.22196	-0.37243	-0.09396	0.67427	-0.29799	-0.40605	0.36484	-0.24018	0.22196	1	-0.16549	-0.056349	-0.11969	0.31439	-0.0037065	0.10146	-0.18005	-0.37243	-0.16549	1
