1	-0.14565	0.17497	0.28644	0.18918	0.28488	0.035944	0.10266	0.33869	-0.14565	1	0.26365	0.2352	0.084814	-0.63574	-0.32595	-0.38567	-0.54285	0.17497	0.26365	1	0.2804	0.43824	-0.20968	-0.33407	0.17977	-0.12682	0.28644	0.2352	0.2804	1	0.58231	-0.28046	-0.50918	-0.25965	-0.3056	0.18918	0.084814	0.43824	0.58231	1	-0.43275	-0.14418	0.45323	-0.42503	0.28488	-0.63574	-0.20968	-0.28046	-0.43275	1	0.44115	0.28872	0.64492	0.035944	-0.32595	-0.33407	-0.50918	-0.14418	0.44115	1	0.58649	-0.10778	0.10266	-0.38567	0.17977	-0.25965	0.45323	0.28872	0.58649	1	0.043617	0.33869	-0.54285	-0.12682	-0.3056	-0.42503	0.64492	-0.10778	0.043617	1
