1	-0.54363	-0.068596	-0.13387	-0.40124	0.10715	0.35858	-0.39939	0.37039	-0.54363	1	0.096042	0.27148	0.015815	-0.50997	-0.098904	0.29419	-0.61179	-0.068596	0.096042	1	0.7749	0.61044	-0.13555	0.38572	0.53793	-0.21257	-0.13387	0.27148	0.7749	1	0.66637	-0.58442	0.11923	0.45803	-0.51013	-0.40124	0.015815	0.61044	0.66637	1	-0.10005	0.064617	0.71525	-0.046196	0.10715	-0.50997	-0.13555	-0.58442	-0.10005	1	0.053446	0.10988	0.71179	0.35858	-0.098904	0.38572	0.11923	0.064617	0.053446	1	0.27384	0.27598	-0.39939	0.29419	0.53793	0.45803	0.71525	0.10988	0.27384	1	0.082381	0.37039	-0.61179	-0.21257	-0.51013	-0.046196	0.71179	0.27598	0.082381	1
