1	-0.71406	0.45893	0.0044185	-0.12846	-0.07655	0.30592	0.30457	0.033498	-0.71406	1	-0.15595	0.014222	0.16294	0.35713	-0.23372	-0.083135	-0.038208	0.45893	-0.15595	1	0.13406	-0.271	0.19485	0.66715	0.50923	0.59148	0.0044185	0.014222	0.13406	1	-0.67875	-0.50615	-0.2095	-0.068226	-0.015793	-0.12846	0.16294	-0.271	-0.67875	1	0.40705	0.1494	0.13656	-0.14116	-0.07655	0.35713	0.19485	-0.50615	0.40705	1	0.030843	-0.31153	-0.18722	0.30592	-0.23372	0.66715	-0.2095	0.1494	0.030843	1	0.67591	0.79842	0.30457	-0.083135	0.50923	-0.068226	0.13656	-0.31153	0.67591	1	0.65106	0.033498	-0.038208	0.59148	-0.015793	-0.14116	-0.18722	0.79842	0.65106	1
