1	-0.51257	-0.15521	-0.73441	-0.7513	-0.50601	0.75018	0.39671	-0.40219	-0.51257	1	0.18384	0.38884	0.28436	0.47671	-0.44348	-0.52734	-0.12715	-0.15521	0.18384	1	0.1909	0.19768	0.12331	-0.040419	0.0082947	0.10419	-0.73441	0.38884	0.1909	1	0.48107	0.16738	-0.67505	-0.31009	0.49636	-0.7513	0.28436	0.19768	0.48107	1	0.56302	-0.51317	-0.062847	0.28314	-0.50601	0.47671	0.12331	0.16738	0.56302	1	-0.62743	-0.51783	-0.42947	0.75018	-0.44348	-0.040419	-0.67505	-0.51317	-0.62743	1	0.63953	-0.051516	0.39671	-0.52734	0.0082947	-0.31009	-0.062847	-0.51783	0.63953	1	0.28155	-0.40219	-0.12715	0.10419	0.49636	0.28314	-0.42947	-0.051516	0.28155	1
