1	-0.029458	0.20593	-0.27767	-0.58118	0.48787	0.12717	-0.38466	-0.23941	-0.029458	1	-0.61348	-0.38429	0.33574	0.0025656	0.35124	-0.099037	0.19637	0.20593	-0.61348	1	-0.00074361	-0.43612	0.34322	0.064459	-0.11003	0.21982	-0.27767	-0.38429	-0.00074361	1	-0.34844	0.082253	-0.72748	-0.1641	-0.17683	-0.58118	0.33574	-0.43612	-0.34844	1	-0.39332	0.48366	0.1422	-0.17777	0.48787	0.0025656	0.34322	0.082253	-0.39332	1	-0.10177	-0.60495	-0.051784	0.12717	0.35124	0.064459	-0.72748	0.48366	-0.10177	1	-0.06425	0.17778	-0.38466	-0.099037	-0.11003	-0.1641	0.1422	-0.60495	-0.06425	1	0.32298	-0.23941	0.19637	0.21982	-0.17683	-0.17777	-0.051784	0.17778	0.32298	1
