1	0.14462	0.14283	-0.11854	-0.13454	-0.10122	-0.0076807	0.016172	0.051271	0.14462	1	0.21317	0.45281	-0.24059	0.27857	0.12572	0.46222	0.30051	0.14283	0.21317	1	-0.17493	-0.64074	-0.070748	0.18173	0.10418	-0.12506	-0.11854	0.45281	-0.17493	1	0.30358	0.19075	-0.40835	0.40705	0.30058	-0.13454	-0.24059	-0.64074	0.30358	1	-0.088218	0.047491	0.24803	0.16452	-0.10122	0.27857	-0.070748	0.19075	-0.088218	1	-0.1235	-0.37718	0.51583	-0.0076807	0.12572	0.18173	-0.40835	0.047491	-0.1235	1	0.42623	-0.087829	0.016172	0.46222	0.10418	0.40705	0.24803	-0.37718	0.42623	1	-0.11825	0.051271	0.30051	-0.12506	0.30058	0.16452	0.51583	-0.087829	-0.11825	1
