1	0.61863	-0.42516	-0.076514	0.020277	0.034181	-0.30324	-0.21794	-0.10547	0.61863	1	-0.075947	0.31698	0.18726	0.048369	0.22753	-0.12413	-0.20335	-0.42516	-0.075947	1	0.19126	-0.1743	-0.2465	0.093609	0.17601	-0.20209	-0.076514	0.31698	0.19126	1	0.46601	0.089249	0.017104	-0.12067	0.3291	0.020277	0.18726	-0.1743	0.46601	1	0.54174	-0.047882	0.34094	-0.13851	0.034181	0.048369	-0.2465	0.089249	0.54174	1	-0.37146	0.12456	-0.54487	-0.30324	0.22753	0.093609	0.017104	-0.047882	-0.37146	1	0.4146	0.079893	-0.21794	-0.12413	0.17601	-0.12067	0.34094	0.12456	0.4146	1	-0.28354	-0.10547	-0.20335	-0.20209	0.3291	-0.13851	-0.54487	0.079893	-0.28354	1
