1	-0.10316	0.12519	-0.16642	-0.089947	0.0053598	0.3798	-0.33774	0.37747	-0.10316	1	-0.27424	0.46916	0.71722	-0.36538	0.21755	-0.050011	-0.2191	0.12519	-0.27424	1	-0.36095	-0.61375	0.41451	0.31744	-0.52848	0.49002	-0.16642	0.46916	-0.36095	1	0.46366	-0.34506	-0.33102	0.39865	-0.43489	-0.089947	0.71722	-0.61375	0.46366	1	-0.34815	0.059751	0.093624	-0.46303	0.0053598	-0.36538	0.41451	-0.34506	-0.34815	1	-0.097141	-0.52391	0.075429	0.3798	0.21755	0.31744	-0.33102	0.059751	-0.097141	1	-0.46963	0.52632	-0.33774	-0.050011	-0.52848	0.39865	0.093624	-0.52391	-0.46963	1	-0.28744	0.37747	-0.2191	0.49002	-0.43489	-0.46303	0.075429	0.52632	-0.28744	1
