1	0.2324	0.45291	0.12448	-0.39088	0.31878	-0.045289	0.49509	0.49069	0.2324	1	-0.17278	-0.38489	0.14577	-0.26903	-0.61243	0.21888	-0.054897	0.45291	-0.17278	1	0.15655	-0.13994	-0.15864	0.20391	0.44287	0.40601	0.12448	-0.38489	0.15655	1	-0.24431	0.31025	0.099629	0.48784	0.38102	-0.39088	0.14577	-0.13994	-0.24431	1	-0.085096	-0.40498	-0.25452	-0.81815	0.31878	-0.26903	-0.15864	0.31025	-0.085096	1	-0.31534	-0.018227	0.24511	-0.045289	-0.61243	0.20391	0.099629	-0.40498	-0.31534	1	0.028156	0.044342	0.49509	0.21888	0.44287	0.48784	-0.25452	-0.018227	0.028156	1	0.34317	0.49069	-0.054897	0.40601	0.38102	-0.81815	0.24511	0.044342	0.34317	1
