1	0.33382	-0.0053401	0.28763	0.71513	-0.2724	-0.0080525	0.33562	0.40581	0.33382	1	-0.48825	-0.42864	0.24374	0.35808	-0.39448	0.05296	0.27041	-0.0053401	-0.48825	1	-0.11288	0.23464	-0.49589	0.32169	0.42185	-0.17532	0.28763	-0.42864	-0.11288	1	-0.13356	-0.41506	0.10749	-0.18569	0.00019646	0.71513	0.24374	0.23464	-0.13356	1	0.057604	0.40799	0.25242	0.28868	-0.2724	0.35808	-0.49589	-0.41506	0.057604	1	0.2726	-0.24882	0.02702	-0.0080525	-0.39448	0.32169	0.10749	0.40799	0.2726	1	0.018866	-0.38858	0.33562	0.05296	0.42185	-0.18569	0.25242	-0.24882	0.018866	1	0.39619	0.40581	0.27041	-0.17532	0.00019646	0.28868	0.02702	-0.38858	0.39619	1
