1	0.1055	0.1224	-0.16876	-0.31331	0.2517	-0.37076	0.67449	-0.012167	0.1055	1	0.085299	0.066688	0.2732	-0.02468	-0.046901	-0.15567	0.28438	0.1224	0.085299	1	-0.36753	-0.2306	-0.44892	0.13801	0.021006	-0.084079	-0.16876	0.066688	-0.36753	1	-0.011209	0.12631	0.0073276	-0.16772	0.362	-0.31331	0.2732	-0.2306	-0.011209	1	-0.23786	0.37889	-0.59827	0.47171	0.2517	-0.02468	-0.44892	0.12631	-0.23786	1	-0.099383	0.33289	-0.2614	-0.37076	-0.046901	0.13801	0.0073276	0.37889	-0.099383	1	-0.66619	0.13619	0.67449	-0.15567	0.021006	-0.16772	-0.59827	0.33289	-0.66619	1	-0.026749	-0.012167	0.28438	-0.084079	0.362	0.47171	-0.2614	0.13619	-0.026749	1
