1	-0.069788	0.36183	-0.61692	-0.40788	0.13571	-0.51035	0.081869	0.16446	-0.069788	1	-0.51976	0.47151	-0.57679	0.34191	0.14823	-0.52431	0.18211	0.36183	-0.51976	1	-0.68548	0.56018	-0.43955	-0.55442	0.63619	0.029218	-0.61692	0.47151	-0.68548	1	-0.062658	0.5433	0.44553	-0.51085	0.013022	-0.40788	-0.57679	0.56018	-0.062658	1	-0.36275	-0.024313	0.40706	-0.2721	0.13571	0.34191	-0.43955	0.5433	-0.36275	1	0.18204	-0.5662	-0.19038	-0.51035	0.14823	-0.55442	0.44553	-0.024313	0.18204	1	-0.011275	-0.56706	0.081869	-0.52431	0.63619	-0.51085	0.40706	-0.5662	-0.011275	1	-0.032897	0.16446	0.18211	0.029218	0.013022	-0.2721	-0.19038	-0.56706	-0.032897	1
