1	-0.20953	-0.037265	-0.14933	0.023791	-0.42556	-0.18034	-0.35091	-0.45756	-0.20953	1	0.058069	0.0261	0.25343	-0.1286	-0.042725	-0.029193	-0.057735	-0.037265	0.058069	1	-0.10573	-0.098837	-0.15108	-0.60023	-0.09963	0.25043	-0.14933	0.0261	-0.10573	1	-0.56521	0.03998	-0.10833	-0.11224	-0.11	0.023791	0.25343	-0.098837	-0.56521	1	0.070183	0.34207	0.66415	0.21847	-0.42556	-0.1286	-0.15108	0.03998	0.070183	1	0.20483	0.52783	-0.11599	-0.18034	-0.042725	-0.60023	-0.10833	0.34207	0.20483	1	0.51609	-0.086817	-0.35091	-0.029193	-0.09963	-0.11224	0.66415	0.52783	0.51609	1	0.24894	-0.45756	-0.057735	0.25043	-0.11	0.21847	-0.11599	-0.086817	0.24894	1
