1	0.81221	0.21794	0.15481	0.030943	0.089562	-0.19038	-0.43059	0.23197	0.81221	1	0.027269	-0.2276	-0.35953	-0.10851	-0.071456	-0.059919	0.27965	0.21794	0.027269	1	0.86983	0.70584	0.59271	0.60728	0.17186	-0.59683	0.15481	-0.2276	0.86983	1	0.87325	0.72621	0.50855	-0.13821	-0.5826	0.030943	-0.35953	0.70584	0.87325	1	0.56028	0.46861	-0.15659	-0.54222	0.089562	-0.10851	0.59271	0.72621	0.56028	1	0.33042	0.11465	-0.068074	-0.19038	-0.071456	0.60728	0.50855	0.46861	0.33042	1	0.32345	-0.73795	-0.43059	-0.059919	0.17186	-0.13821	-0.15659	0.11465	0.32345	1	0.0045603	0.23197	0.27965	-0.59683	-0.5826	-0.54222	-0.068074	-0.73795	0.0045603	1
