1	0.048048	0.20168	-0.23638	0.61131	0.30146	0.85186	-0.12208	-0.6321	0.048048	1	-0.57689	0.72259	0.48333	0.22882	0.19856	-0.28445	-0.057561	0.20168	-0.57689	1	-0.49958	-0.073265	0.10371	-0.019655	-0.22782	0.092609	-0.23638	0.72259	-0.49958	1	-0.096388	-0.16529	0.026963	-0.25432	0.37652	0.61131	0.48333	-0.073265	-0.096388	1	0.32768	0.4058	-0.271	-0.5539	0.30146	0.22882	0.10371	-0.16529	0.32768	1	0.29962	-0.032574	-0.18589	0.85186	0.19856	-0.019655	0.026963	0.4058	0.29962	1	-0.17112	-0.63553	-0.12208	-0.28445	-0.22782	-0.25432	-0.271	-0.032574	-0.17112	1	-0.027467	-0.6321	-0.057561	0.092609	0.37652	-0.5539	-0.18589	-0.63553	-0.027467	1
