1	-0.26729	0.092503	0.085435	0.10392	0.37691	0.44971	0.48065	-0.31098	-0.26729	1	-0.34353	-0.56014	0.29655	-0.85189	-0.13806	-0.191	0.080126	0.092503	-0.34353	1	-0.11486	0.23703	-0.065444	-0.15896	0.35085	-0.28593	0.085435	-0.56014	-0.11486	1	-0.18582	0.69027	-0.19994	-0.27511	0.50035	0.10392	0.29655	0.23703	-0.18582	1	-0.44846	0.17213	0.22382	-0.4219	0.37691	-0.85189	-0.065444	0.69027	-0.44846	1	0.19358	0.029588	0.11383	0.44971	-0.13806	-0.15896	-0.19994	0.17213	0.19358	1	0.043999	-0.44796	0.48065	-0.191	0.35085	-0.27511	0.22382	0.029588	0.043999	1	-0.54773	-0.31098	0.080126	-0.28593	0.50035	-0.4219	0.11383	-0.44796	-0.54773	1
