1	0.43149	0.24506	0.53699	-0.20752	0.2011	-0.094039	0.43035	0.68518	0.43149	1	-0.36616	0.70775	-0.12952	0.37457	-0.36725	0.0012372	0.66658	0.24506	-0.36616	1	-0.52075	-0.048414	0.17105	0.16422	0.58614	-0.08348	0.53699	0.70775	-0.52075	1	-0.0013231	0.20833	-0.40219	-0.083559	0.67815	-0.20752	-0.12952	-0.048414	-0.0013231	1	-0.062151	0.29534	-0.46081	-0.54659	0.2011	0.37457	0.17105	0.20833	-0.062151	1	-0.067485	0.33455	0.28267	-0.094039	-0.36725	0.16422	-0.40219	0.29534	-0.067485	1	0.053334	-0.38781	0.43035	0.0012372	0.58614	-0.083559	-0.46081	0.33455	0.053334	1	0.45639	0.68518	0.66658	-0.08348	0.67815	-0.54659	0.28267	-0.38781	0.45639	1
