1	0.76112	-0.13972	-0.41121	-0.49469	-0.12075	0.4511	0.67779	0.33445	0.76112	1	-0.40569	-0.24564	-0.16662	-0.19559	0.34316	0.42592	0.12061	-0.13972	-0.40569	1	-0.3589	0.16768	0.096095	0.2257	-0.28382	-0.39842	-0.41121	-0.24564	-0.3589	1	0.48129	-0.012455	-0.49491	-0.17666	0.065897	-0.49469	-0.16662	0.16768	0.48129	1	0.47282	-0.092637	-0.56522	-0.27222	-0.12075	-0.19559	0.096095	-0.012455	0.47282	1	0.13125	-0.092305	0.037058	0.4511	0.34316	0.2257	-0.49491	-0.092637	0.13125	1	0.00085094	-0.13137	0.67779	0.42592	-0.28382	-0.17666	-0.56522	-0.092305	0.00085094	1	0.18767	0.33445	0.12061	-0.39842	0.065897	-0.27222	0.037058	-0.13137	0.18767	1
