1	-0.017141	0.45063	-0.079302	-0.34581	-0.2247	0.053172	-0.32284	0.38853	-0.017141	1	0.28345	0.22959	0.22541	-0.16881	0.2423	-0.084329	0.34509	0.45063	0.28345	1	0.10493	-0.37026	-0.46596	0.37823	-0.094784	0.30811	-0.079302	0.22959	0.10493	1	0.37422	0.42647	0.25387	-0.31634	0.55112	-0.34581	0.22541	-0.37026	0.37422	1	0.33723	-0.44588	-0.24222	0.084011	-0.2247	-0.16881	-0.46596	0.42647	0.33723	1	0.1008	0.2665	-0.057112	0.053172	0.2423	0.37823	0.25387	-0.44588	0.1008	1	0.094389	0.02215	-0.32284	-0.084329	-0.094784	-0.31634	-0.24222	0.2665	0.094389	1	-0.60753	0.38853	0.34509	0.30811	0.55112	0.084011	-0.057112	0.02215	-0.60753	1
