1	0.2652	0.15522	0.27198	0.22665	0.40304	-0.1181	0.12509	0.22611	0.2652	1	0.019003	0.33433	0.30159	-0.29277	-0.21718	-0.02023	0.39713	0.15522	0.019003	1	-0.17795	0.10168	0.43311	-0.13939	-0.20699	-0.47483	0.27198	0.33433	-0.17795	1	-0.3619	-0.43148	-0.43987	-0.27315	0.14712	0.22665	0.30159	0.10168	-0.3619	1	-0.075964	0.26022	-0.14045	0.073815	0.40304	-0.29277	0.43311	-0.43148	-0.075964	1	0.056114	0.39427	-0.16158	-0.1181	-0.21718	-0.13939	-0.43987	0.26022	0.056114	1	0.35065	0.46161	0.12509	-0.02023	-0.20699	-0.27315	-0.14045	0.39427	0.35065	1	0.41902	0.22611	0.39713	-0.47483	0.14712	0.073815	-0.16158	0.46161	0.41902	1
