1	-0.16002	0.40369	0.12586	-0.3992	-0.59302	0.40102	0.37523	-0.15354	-0.16002	1	0.23349	0.23774	0.30838	-0.069406	-0.317	0.19799	-0.15126	0.40369	0.23349	1	0.022741	-0.1159	-0.18825	-0.019756	0.50442	-0.082899	0.12586	0.23774	0.022741	1	0.15179	-0.2262	-0.4551	0.41534	-0.87137	-0.3992	0.30838	-0.1159	0.15179	1	0.44032	-0.071583	-0.11037	0.1073	-0.59302	-0.069406	-0.18825	-0.2262	0.44032	1	-0.19262	-0.047666	0.17297	0.40102	-0.317	-0.019756	-0.4551	-0.071583	-0.19262	1	-0.47162	0.64459	0.37523	0.19799	0.50442	0.41534	-0.11037	-0.047666	-0.47162	1	-0.60366	-0.15354	-0.15126	-0.082899	-0.87137	0.1073	0.17297	0.64459	-0.60366	1
