1	-0.017437	0.28291	0.37356	-0.20479	0.24022	-0.030471	0.28812	0.098398	-0.017437	1	-0.27546	0.2117	-0.60839	0.1424	0.25922	0.12952	0.55668	0.28291	-0.27546	1	0.27293	0.15719	0.476	0.42005	-0.024251	-0.23241	0.37356	0.2117	0.27293	1	-0.12938	0.086954	0.41017	0.46458	0.48355	-0.20479	-0.60839	0.15719	-0.12938	1	0.075577	-0.26897	-0.58149	-0.65769	0.24022	0.1424	0.476	0.086954	0.075577	1	-0.039732	-0.38624	-0.47172	-0.030471	0.25922	0.42005	0.41017	-0.26897	-0.039732	1	0.30954	0.33658	0.28812	0.12952	-0.024251	0.46458	-0.58149	-0.38624	0.30954	1	0.76617	0.098398	0.55668	-0.23241	0.48355	-0.65769	-0.47172	0.33658	0.76617	1
