1	0.14429	-0.66375	0.17896	-0.33944	0.42904	0.27692	-0.14965	0.36863	0.14429	1	0.14301	0.040162	-0.10559	0.17793	-0.09739	-0.051231	0.14632	-0.66375	0.14301	1	0.22217	0.066496	-0.10316	0.09235	-0.0097748	-0.32338	0.17896	0.040162	0.22217	1	-0.55409	-0.14396	-0.095259	-0.063569	0.53789	-0.33944	-0.10559	0.066496	-0.55409	1	0.16568	0.094877	0.30399	-0.64971	0.42904	0.17793	-0.10316	-0.14396	0.16568	1	0.70702	-0.13109	-0.25035	0.27692	-0.09739	0.09235	-0.095259	0.094877	0.70702	1	0.20872	-0.14489	-0.14965	-0.051231	-0.0097748	-0.063569	0.30399	-0.13109	0.20872	1	0.056136	0.36863	0.14632	-0.32338	0.53789	-0.64971	-0.25035	-0.14489	0.056136	1
