1	-0.64674	0.19141	-0.45014	0.0928	-0.10555	-0.4878	-0.25388	0.59442	-0.64674	1	-0.13559	0.32127	-0.03981	0.49319	0.56128	0.10892	-0.0098919	0.19141	-0.13559	1	0.2869	0.706	-0.47451	0.029906	0.79745	-0.26156	-0.45014	0.32127	0.2869	1	0.40603	-0.24197	0.56908	0.4035	-0.46868	0.0928	-0.03981	0.706	0.40603	1	-0.55645	-0.24644	0.60502	-0.14482	-0.10555	0.49319	-0.47451	-0.24197	-0.55645	1	0.13235	-0.27031	0.55182	-0.4878	0.56128	0.029906	0.56908	-0.24644	0.13235	1	0.10019	-0.42175	-0.25388	0.10892	0.79745	0.4035	0.60502	-0.27031	0.10019	1	-0.44834	0.59442	-0.0098919	-0.26156	-0.46868	-0.14482	0.55182	-0.42175	-0.44834	1
