1	0.058028	-0.1498	0.59019	-0.21291	-0.34886	-0.43009	-0.65692	-0.28817	0.058028	1	0.30204	0.094375	-0.13582	0.48796	0.32701	0.10526	-0.75701	-0.1498	0.30204	1	-0.32448	-0.35935	0.36239	0.067468	0.22831	0.12577	0.59019	0.094375	-0.32448	1	-0.18044	0.084034	-0.41719	-0.23217	-0.23135	-0.21291	-0.13582	-0.35935	-0.18044	1	0.20438	-0.051248	0.37285	-0.11843	-0.34886	0.48796	0.36239	0.084034	0.20438	1	0.10224	0.38629	-0.26099	-0.43009	0.32701	0.067468	-0.41719	-0.051248	0.10224	1	0.036381	-0.17728	-0.65692	0.10526	0.22831	-0.23217	0.37285	0.38629	0.036381	1	0.26734	-0.28817	-0.75701	0.12577	-0.23135	-0.11843	-0.26099	-0.17728	0.26734	1
