1	0.060652	0.077083	-0.09105	0.62088	0.031985	0.011124	0.34409	0.075689	0.060652	1	-0.11916	-0.050346	0.038946	-0.56282	0.018589	0.12861	0.75307	0.077083	-0.11916	1	0.61166	0.44674	0.45536	0.74712	0.24323	-0.34129	-0.09105	-0.050346	0.61166	1	0.13106	0.5613	0.10513	0.014765	-0.53242	0.62088	0.038946	0.44674	0.13106	1	0.01805	0.58026	0.08332	0.013449	0.031985	-0.56282	0.45536	0.5613	0.01805	1	-0.026322	0.14647	-0.87682	0.011124	0.018589	0.74712	0.10513	0.58026	-0.026322	1	0.084671	0.026371	0.34409	0.12861	0.24323	0.014765	0.08332	0.14647	0.084671	1	0.0051707	0.075689	0.75307	-0.34129	-0.53242	0.013449	-0.87682	0.026371	0.0051707	1
