1	0.69688	-0.25375	-0.31919	0.31497	0.0044021	0.020311	0.43097	-0.31222	0.69688	1	0.19323	0.12963	-0.0226	0.25897	-0.26891	0.25592	-0.15467	-0.25375	0.19323	1	0.30239	-0.022747	0.55229	-0.59532	-0.36997	0.24572	-0.31919	0.12963	0.30239	1	-0.24492	-0.3179	-0.18862	-0.25231	0.022184	0.31497	-0.0226	-0.022747	-0.24492	1	-0.017973	0.058122	0.32204	-0.10706	0.0044021	0.25897	0.55229	-0.3179	-0.017973	1	-0.30724	0.21749	0.26034	0.020311	-0.26891	-0.59532	-0.18862	0.058122	-0.30724	1	0.35503	0.50405	0.43097	0.25592	-0.36997	-0.25231	0.32204	0.21749	0.35503	1	-0.082978	-0.31222	-0.15467	0.24572	0.022184	-0.10706	0.26034	0.50405	-0.082978	1
