1	0.57001	-0.26172	-0.48254	0.64354	-0.037611	0.52269	0.20313	-0.20362	0.57001	1	-0.55031	-0.34368	0.48051	0.30766	0.44518	0.10303	-0.51096	-0.26172	-0.55031	1	0.15207	0.05348	-0.34132	0.027739	-0.45636	0.85755	-0.48254	-0.34368	0.15207	1	-0.70097	0.46972	-0.024666	0.17849	-0.033775	0.64354	0.48051	0.05348	-0.70097	1	-0.41927	0.34887	0.01876	0.10759	-0.037611	0.30766	-0.34132	0.46972	-0.41927	1	0.072386	0.083762	-0.57501	0.52269	0.44518	0.027739	-0.024666	0.34887	0.072386	1	-0.17322	0.11467	0.20313	0.10303	-0.45636	0.17849	0.01876	0.083762	-0.17322	1	-0.40724	-0.20362	-0.51096	0.85755	-0.033775	0.10759	-0.57501	0.11467	-0.40724	1
