1	0.48653	-0.18665	0.44672	-0.11613	0.10754	0.56114	0.36364	0.71329	0.48653	1	0.34351	-0.0037539	-0.20692	0.34025	0.51661	0.19557	0.52275	-0.18665	0.34351	1	-0.59198	0.042494	0.044513	0.32753	-0.01216	-0.39725	0.44672	-0.0037539	-0.59198	1	-0.53806	0.32368	-0.092272	-0.15936	0.25373	-0.11613	-0.20692	0.042494	-0.53806	1	-0.13219	0.20468	0.36088	0.017176	0.10754	0.34025	0.044513	0.32368	-0.13219	1	-0.20608	0.23731	0.24777	0.56114	0.51661	0.32753	-0.092272	0.20468	-0.20608	1	0.042792	0.37947	0.36364	0.19557	-0.01216	-0.15936	0.36088	0.23731	0.042792	1	0.41537	0.71329	0.52275	-0.39725	0.25373	0.017176	0.24777	0.37947	0.41537	1
