1	0.0060022	-0.27022	-0.041409	0.11352	0.11187	0.38783	0.38557	0.37224	0.0060022	1	-0.1857	0.12358	-0.12794	0.1309	0.46362	-0.26213	0.10647	-0.27022	-0.1857	1	0.2139	-0.087506	0.52605	-0.10394	0.25988	0.3319	-0.041409	0.12358	0.2139	1	-0.51235	0.39341	-0.14657	0.40309	0.54562	0.11352	-0.12794	-0.087506	-0.51235	1	-0.033674	-0.11307	-0.079413	-0.26233	0.11187	0.1309	0.52605	0.39341	-0.033674	1	-0.20851	0.4604	0.44687	0.38783	0.46362	-0.10394	-0.14657	-0.11307	-0.20851	1	-0.10838	0.28649	0.38557	-0.26213	0.25988	0.40309	-0.079413	0.4604	-0.10838	1	0.38876	0.37224	0.10647	0.3319	0.54562	-0.26233	0.44687	0.28649	0.38876	1
