1	-0.13193	-0.068986	0.1567	-0.081787	0.21851	-0.54177	0.48247	0.66756	-0.13193	1	-0.3184	-0.089537	-0.18317	-0.18739	0.52491	0.17023	0.13191	-0.068986	-0.3184	1	-0.28203	-0.66858	-0.25567	-0.30433	0.23622	-0.47538	0.1567	-0.089537	-0.28203	1	0.26537	0.51459	-0.050101	0.03022	0.1215	-0.081787	-0.18317	-0.66858	0.26537	1	0.22494	-0.049444	-0.46932	0.091677	0.21851	-0.18739	-0.25567	0.51459	0.22494	1	-0.41958	0.30044	0.36878	-0.54177	0.52491	-0.30433	-0.050101	-0.049444	-0.41958	1	-0.30587	-0.1088	0.48247	0.17023	0.23622	0.03022	-0.46932	0.30044	-0.30587	1	0.54541	0.66756	0.13191	-0.47538	0.1215	0.091677	0.36878	-0.1088	0.54541	1
