1	-0.38767	-0.034066	0.48036	-0.17103	0.28298	-0.57887	0.088798	-0.098426	-0.38767	1	-0.14157	0.12657	0.50452	-0.1858	0.61022	-0.17077	-0.41839	-0.034066	-0.14157	1	-0.2426	0.036162	-0.40947	0.29168	0.62974	0.20543	0.48036	0.12657	-0.2426	1	0.056955	0.41068	-0.37737	-0.11484	-0.44171	-0.17103	0.50452	0.036162	0.056955	1	-0.089073	0.64477	-0.091583	-0.078581	0.28298	-0.1858	-0.40947	0.41068	-0.089073	1	-0.20242	0.29539	0.04103	-0.57887	0.61022	0.29168	-0.37737	0.64477	-0.20242	1	0.24017	-0.036911	0.088798	-0.17077	0.62974	-0.11484	-0.091583	0.29539	0.24017	1	0.37832	-0.098426	-0.41839	0.20543	-0.44171	-0.078581	0.04103	-0.036911	0.37832	1
