1	-0.1626	-0.66149	-0.099765	-0.14008	-0.62432	0.33188	0.13488	0.34966	-0.1626	1	-0.13992	-0.21403	-0.37738	-0.095092	0.18219	0.0060675	0.018926	-0.66149	-0.13992	1	-0.19604	-0.040911	0.66882	-0.56452	-0.30839	0.12446	-0.099765	-0.21403	-0.19604	1	0.5518	0.034675	0.046194	0.39169	-0.67217	-0.14008	-0.37738	-0.040911	0.5518	1	0.52127	-0.17102	0.36037	-0.28692	-0.62432	-0.095092	0.66882	0.034675	0.52127	1	-0.45234	0.062654	-0.087051	0.33188	0.18219	-0.56452	0.046194	-0.17102	-0.45234	1	0.47545	-0.30797	0.13488	0.0060675	-0.30839	0.39169	0.36037	0.062654	0.47545	1	-0.2234	0.34966	0.018926	0.12446	-0.67217	-0.28692	-0.087051	-0.30797	-0.2234	1
