1	-0.43439	-0.24393	0.34143	-0.13214	0.26385	-0.21687	-0.071521	0.3233	-0.43439	1	-0.31003	-0.38616	0.048095	-0.54427	0.63774	-0.53116	0.08145	-0.24393	-0.31003	1	-0.025043	0.024224	0.64747	-0.71933	0.3945	-0.36705	0.34143	-0.38616	-0.025043	1	-0.090661	0.047302	0.10733	-0.38853	0.78118	-0.13214	0.048095	0.024224	-0.090661	1	-0.0091217	0.31986	-0.081159	0.034989	0.26385	-0.54427	0.64747	0.047302	-0.0091217	1	-0.75351	0.30417	-0.19644	-0.21687	0.63774	-0.71933	0.10733	0.31986	-0.75351	1	-0.6918	0.55048	-0.071521	-0.53116	0.3945	-0.38853	-0.081159	0.30417	-0.6918	1	-0.79899	0.3233	0.08145	-0.36705	0.78118	0.034989	-0.19644	0.55048	-0.79899	1
