1	-0.0085994	0.034472	-0.68589	0.13584	-0.045131	0.022537	0.29345	-0.056384	-0.0085994	1	-0.08953	-0.24674	0.080126	0.4147	-0.10533	-0.12885	0.34798	0.034472	-0.08953	1	0.12141	-0.27451	-0.022944	-0.046501	0.58977	0.34506	-0.68589	-0.24674	0.12141	1	-0.46406	0.25247	-0.045275	-0.070079	0.20818	0.13584	0.080126	-0.27451	-0.46406	1	-0.59564	0.061283	-0.33884	-0.57265	-0.045131	0.4147	-0.022944	0.25247	-0.59564	1	-0.30798	0.08217	0.4373	0.022537	-0.10533	-0.046501	-0.045275	0.061283	-0.30798	1	0.17903	0.44976	0.29345	-0.12885	0.58977	-0.070079	-0.33884	0.08217	0.17903	1	0.5198	-0.056384	0.34798	0.34506	0.20818	-0.57265	0.4373	0.44976	0.5198	1
