1	0.094316	-0.0041395	0.061827	0.48582	0.51324	0.44079	0.12683	-0.57598	0.094316	1	-0.13355	-0.14583	-0.32094	-0.18726	0.25009	-0.50716	0.33066	-0.0041395	-0.13355	1	-0.2891	-0.45319	0.60778	-0.39831	0.55394	-0.19538	0.061827	-0.14583	-0.2891	1	0.064239	-0.21272	0.0003497	-0.070144	-0.38972	0.48582	-0.32094	-0.45319	0.064239	1	0.11588	0.5529	-0.21817	-0.21856	0.51324	-0.18726	0.60778	-0.21272	0.11588	1	-0.258	0.53128	-0.38842	0.44079	0.25009	-0.39831	0.0003497	0.5529	-0.258	1	-0.47619	-0.053566	0.12683	-0.50716	0.55394	-0.070144	-0.21817	0.53128	-0.47619	1	-0.65372	-0.57598	0.33066	-0.19538	-0.38972	-0.21856	-0.38842	-0.053566	-0.65372	1
