1	0.40595	0.23238	-0.06685	0.44735	-0.53729	0.1521	0.44246	-0.35713	0.40595	1	0.5326	-0.26812	0.37029	-0.022055	-0.15227	0.21649	-0.31777	0.23238	0.5326	1	-0.040746	0.022618	0.24713	-0.66801	0.26528	0.16532	-0.06685	-0.26812	-0.040746	1	-0.2429	0.12843	0.062104	-0.023748	-0.024435	0.44735	0.37029	0.022618	-0.2429	1	-0.43693	0.39773	0.29751	-0.63759	-0.53729	-0.022055	0.24713	0.12843	-0.43693	1	-0.70706	-0.51098	0.7833	0.1521	-0.15227	-0.66801	0.062104	0.39773	-0.70706	1	0.15065	-0.6799	0.44246	0.21649	0.26528	-0.023748	0.29751	-0.51098	0.15065	1	-0.41759	-0.35713	-0.31777	0.16532	-0.024435	-0.63759	0.7833	-0.6799	-0.41759	1
