1	0.40942	0.11955	0.49385	-0.06376	0.38887	-0.31195	-0.21502	0.56369	0.40942	1	0.32111	0.28766	0.11942	0.4011	0.018659	-0.14905	0.24255	0.11955	0.32111	1	0.11848	-0.010091	0.42604	0.16101	-0.68737	-0.15127	0.49385	0.28766	0.11848	1	-0.66034	0.45724	0.016583	0.0043865	0.57435	-0.06376	0.11942	-0.010091	-0.66034	1	-0.37726	0.056096	-0.010874	-0.48333	0.38887	0.4011	0.42604	0.45724	-0.37726	1	-0.079952	-0.30812	0.52733	-0.31195	0.018659	0.16101	0.016583	0.056096	-0.079952	1	0.13284	-0.061046	-0.21502	-0.14905	-0.68737	0.0043865	-0.010874	-0.30812	0.13284	1	-0.095857	0.56369	0.24255	-0.15127	0.57435	-0.48333	0.52733	-0.061046	-0.095857	1
