1	-0.0085318	0.68013	0.30956	0.60723	-0.40375	0.4433	0.47508	-0.01721	-0.0085318	1	0.059283	0.44181	0.11035	0.34907	0.50753	0.15115	0.11698	0.68013	0.059283	1	0.27649	0.11187	-0.10562	0.37951	0.73913	0.25279	0.30956	0.44181	0.27649	1	0.44058	-0.15332	-0.025841	0.11134	0.41045	0.60723	0.11035	0.11187	0.44058	1	-0.28402	0.3292	-0.13499	0.1162	-0.40375	0.34907	-0.10562	-0.15332	-0.28402	1	0.30117	0.020548	-0.035398	0.4433	0.50753	0.37951	-0.025841	0.3292	0.30117	1	0.37489	-0.081587	0.47508	0.15115	0.73913	0.11134	-0.13499	0.020548	0.37489	1	0.45188	-0.01721	0.11698	0.25279	0.41045	0.1162	-0.035398	-0.081587	0.45188	1
