1	0.26861	-0.12955	0.16919	-0.21168	-0.31049	-0.35538	-0.5743	-0.11552	0.26861	1	0.23333	-0.30715	0.40944	0.24401	0.043212	-0.11192	-0.054125	-0.12955	0.23333	1	-0.58373	0.25974	0.36847	-0.29729	0.3088	-0.46974	0.16919	-0.30715	-0.58373	1	-0.63174	-0.6805	-0.17324	-0.54634	0.41371	-0.21168	0.40944	0.25974	-0.63174	1	0.7881	0.32104	0.60652	0.13924	-0.31049	0.24401	0.36847	-0.6805	0.7881	1	0.45647	0.70957	0.10514	-0.35538	0.043212	-0.29729	-0.17324	0.32104	0.45647	1	0.46377	0.43646	-0.5743	-0.11192	0.3088	-0.54634	0.60652	0.70957	0.46377	1	-0.01161	-0.11552	-0.054125	-0.46974	0.41371	0.13924	0.10514	0.43646	-0.01161	1
