1	-0.045078	0.24538	0.3462	0.46519	0.026566	0.38413	0.36814	0.043993	-0.045078	1	0.29693	0.45102	0.50422	0.28231	-0.031255	-0.46202	0.0015093	0.24538	0.29693	1	0.5089	0.58668	0.62496	0.058059	-0.29106	-0.65826	0.3462	0.45102	0.5089	1	0.88743	0.45323	-0.10751	-0.21402	-0.055102	0.46519	0.50422	0.58668	0.88743	1	0.50971	0.21928	-0.25056	-0.079813	0.026566	0.28231	0.62496	0.45323	0.50971	1	0.17346	-0.35675	-0.26667	0.38413	-0.031255	0.058059	-0.10751	0.21928	0.17346	1	-0.18831	0.18766	0.36814	-0.46202	-0.29106	-0.21402	-0.25056	-0.35675	-0.18831	1	0.23114	0.043993	0.0015093	-0.65826	-0.055102	-0.079813	-0.26667	0.18766	0.23114	1
