1	0.016777	-0.27226	0.22268	-0.64625	0.17766	0.11022	-0.49741	-0.080104	0.016777	1	0.67906	-0.24686	-0.081976	-0.060723	0.13601	0.094213	0.21148	-0.27226	0.67906	1	-0.46959	0.33066	0.40124	-0.015204	0.13929	0.075234	0.22268	-0.24686	-0.46959	1	-0.34782	-0.41104	0.1332	-0.52678	0.66294	-0.64625	-0.081976	0.33066	-0.34782	1	0.42791	-0.14437	0.47916	0.10403	0.17766	-0.060723	0.40124	-0.41104	0.42791	1	-0.11113	-0.13963	-0.31103	0.11022	0.13601	-0.015204	0.1332	-0.14437	-0.11113	1	-0.1531	0.012546	-0.49741	0.094213	0.13929	-0.52678	0.47916	-0.13963	-0.1531	1	-0.059821	-0.080104	0.21148	0.075234	0.66294	0.10403	-0.31103	0.012546	-0.059821	1
