1	-0.20902	0.23027	0.087628	0.15874	0.69206	0.033593	0.14641	0.24331	-0.20902	1	0.01666	0.33774	-0.17126	-0.058535	-0.56238	-0.5082	-0.56572	0.23027	0.01666	1	0.47375	0.2703	-0.20204	-0.17723	0.051302	0.083777	0.087628	0.33774	0.47375	1	0.58803	-0.096225	-0.15072	-0.052512	-0.54567	0.15874	-0.17126	0.2703	0.58803	1	-0.34449	0.58804	0.18224	-0.13284	0.69206	-0.058535	-0.20204	-0.096225	-0.34449	1	-0.29293	-0.075675	0.051521	0.033593	-0.56238	-0.17723	-0.15072	0.58804	-0.29293	1	0.3904	0.30062	0.14641	-0.5082	0.051302	-0.052512	0.18224	-0.075675	0.3904	1	0.64346	0.24331	-0.56572	0.083777	-0.54567	-0.13284	0.051521	0.30062	0.64346	1
