1	-0.31947	-0.064297	-0.14649	0.26948	0.010128	-0.18233	0.44925	-0.43636	-0.31947	1	0.51995	0.12683	-0.26584	0.35109	-0.028903	-0.21134	-0.059081	-0.064297	0.51995	1	0.16326	-0.3218	-0.00929	-0.34266	-0.6544	0.26699	-0.14649	0.12683	0.16326	1	-0.086908	0.46479	0.38482	-0.17201	-0.22371	0.26948	-0.26584	-0.3218	-0.086908	1	0.34916	0.18893	0.4887	0.2356	0.010128	0.35109	-0.00929	0.46479	0.34916	1	0.18515	0.15035	-0.14139	-0.18233	-0.028903	-0.34266	0.38482	0.18893	0.18515	1	0.36007	-0.32949	0.44925	-0.21134	-0.6544	-0.17201	0.4887	0.15035	0.36007	1	-0.56306	-0.43636	-0.059081	0.26699	-0.22371	0.2356	-0.14139	-0.32949	-0.56306	1
