1	0.31266	-0.45679	-0.18664	0.45318	0.49978	0.79655	-0.081292	-0.73171	0.31266	1	-0.80281	0.2719	-0.10162	0.42854	-0.098592	-0.61875	-0.53187	-0.45679	-0.80281	1	-0.27982	-0.16011	-0.49369	-0.12164	0.44556	0.41895	-0.18664	0.2719	-0.27982	1	-0.22083	-0.20493	-0.24631	-0.18729	0.23009	0.45318	-0.10162	-0.16011	-0.22083	1	0.19268	0.50374	0.31622	-0.30942	0.49978	0.42854	-0.49369	-0.20493	0.19268	1	0.042601	-0.24124	-0.4275	0.79655	-0.098592	-0.12164	-0.24631	0.50374	0.042601	1	0.10056	-0.38013	-0.081292	-0.61875	0.44556	-0.18729	0.31622	-0.24124	0.10056	1	0.14787	-0.73171	-0.53187	0.41895	0.23009	-0.30942	-0.4275	-0.38013	0.14787	1
