1	0.70834	0.68045	0.043779	-0.46434	0.4653	0.43087	0.049394	0.58732	0.70834	1	0.5063	-0.051796	-0.24324	0.13137	0.26748	0.15688	0.8855	0.68045	0.5063	1	-0.36035	-0.17632	0.2618	0.473	-0.16576	0.27598	0.043779	-0.051796	-0.36035	1	0.098378	0.43203	-0.42942	0.58923	-0.033879	-0.46434	-0.24324	-0.17632	0.098378	1	-0.2785	-0.36461	0.14937	-0.44373	0.4653	0.13137	0.2618	0.43203	-0.2785	1	-0.1494	0.45484	0.1049	0.43087	0.26748	0.473	-0.42942	-0.36461	-0.1494	1	-0.37509	0.16247	0.049394	0.15688	-0.16576	0.58923	0.14937	0.45484	-0.37509	1	0.046579	0.58732	0.8855	0.27598	-0.033879	-0.44373	0.1049	0.16247	0.046579	1
