1	0.30753	-0.33262	0.17179	0.098165	-0.1524	0.20686	0.45441	0.38118	0.30753	1	0.64251	-0.36331	-0.48436	0.2902	0.26034	0.45693	0.53093	-0.33262	0.64251	1	-0.27304	-0.61429	0.41753	0.076441	0.2234	0.029688	0.17179	-0.36331	-0.27304	1	0.43017	-0.077975	0.053347	-0.089289	-0.12351	0.098165	-0.48436	-0.61429	0.43017	1	0.10567	0.016938	-0.161	-0.14118	-0.1524	0.2902	0.41753	-0.077975	0.10567	1	0.027985	-0.11953	0.26009	0.20686	0.26034	0.076441	0.053347	0.016938	0.027985	1	0.49393	0.34379	0.45441	0.45693	0.2234	-0.089289	-0.161	-0.11953	0.49393	1	0.087183	0.38118	0.53093	0.029688	-0.12351	-0.14118	0.26009	0.34379	0.087183	1
