1	-0.028631	-0.26345	-0.23647	0.16494	-0.14094	0.27511	-0.56957	0.1717	-0.028631	1	0.29616	0.036705	0.14577	0.38705	-0.20676	0.14497	0.22149	-0.26345	0.29616	1	-0.67395	-0.27381	0.47442	-0.099269	0.40674	0.51363	-0.23647	0.036705	-0.67395	1	0.16639	-0.15778	0.017559	0.064871	-0.67502	0.16494	0.14577	-0.27381	0.16639	1	0.24206	0.35063	0.22195	0.35954	-0.14094	0.38705	0.47442	-0.15778	0.24206	1	0.5244	0.62786	0.3274	0.27511	-0.20676	-0.099269	0.017559	0.35063	0.5244	1	0.12219	0.12583	-0.56957	0.14497	0.40674	0.064871	0.22195	0.62786	0.12219	1	0.23864	0.1717	0.22149	0.51363	-0.67502	0.35954	0.3274	0.12583	0.23864	1
