1	0.37401	0.13293	-0.0031261	0.02019	0.57985	-0.22212	-0.076809	-0.36539	0.37401	1	0.43099	0.61649	0.34733	0.45801	-0.1609	-0.058921	-0.67011	0.13293	0.43099	1	0.43395	0.58623	-0.2345	-0.29465	0.36055	-0.32671	-0.0031261	0.61649	0.43395	1	0.37651	0.30295	-0.18051	-0.45568	-0.5676	0.02019	0.34733	0.58623	0.37651	1	-0.2157	-0.75322	0.10631	-0.25569	0.57985	0.45801	-0.2345	0.30295	-0.2157	1	-0.0044149	-0.60085	-0.27456	-0.22212	-0.1609	-0.29465	-0.18051	-0.75322	-0.0044149	1	0.21366	-0.073515	-0.076809	-0.058921	0.36055	-0.45568	0.10631	-0.60085	0.21366	1	-0.12981	-0.36539	-0.67011	-0.32671	-0.5676	-0.25569	-0.27456	-0.073515	-0.12981	1
