1	-0.29582	-0.16186	0.40913	0.056948	-0.29718	0.14044	0.075885	0.42462	-0.29582	1	0.11997	-0.26372	-0.61705	0.13242	0.29066	-0.057651	0.14932	-0.16186	0.11997	1	-0.24247	-0.3236	0.69077	0.010845	-0.040555	-0.27813	0.40913	-0.26372	-0.24247	1	0.27985	-0.11299	-0.40653	-0.0079722	-0.178	0.056948	-0.61705	-0.3236	0.27985	1	-0.3247	-0.47024	0.25656	-0.43587	-0.29718	0.13242	0.69077	-0.11299	-0.3247	1	-0.40889	-0.42045	-0.53119	0.14044	0.29066	0.010845	-0.40653	-0.47024	-0.40889	1	0.38105	0.66671	0.075885	-0.057651	-0.040555	-0.0079722	0.25656	-0.42045	0.38105	1	-0.061276	0.42462	0.14932	-0.27813	-0.178	-0.43587	-0.53119	0.66671	-0.061276	1
