1	-0.034735	-0.6588	0.16439	0.012981	-0.1581	-0.36924	0.28911	-0.42424	-0.034735	1	-0.013055	-0.41751	0.11871	-0.30053	0.063625	-0.048564	-0.025346	-0.6588	-0.013055	1	-0.24526	-0.43009	0.5417	0.17953	-0.29212	0.59248	0.16439	-0.41751	-0.24526	1	0.3623	0.16388	-0.21299	0.58721	0.14582	0.012981	0.11871	-0.43009	0.3623	1	-0.53276	-0.14654	0.77497	-0.5035	-0.1581	-0.30053	0.5417	0.16388	-0.53276	1	-0.37175	-0.37272	0.56389	-0.36924	0.063625	0.17953	-0.21299	-0.14654	-0.37175	1	-0.16228	0.3172	0.28911	-0.048564	-0.29212	0.58721	0.77497	-0.37272	-0.16228	1	-0.42753	-0.42424	-0.025346	0.59248	0.14582	-0.5035	0.56389	0.3172	-0.42753	1
