1	0.20929	0.24876	-0.3034	-0.27533	0.014904	0.29371	0.29944	-0.10275	0.20929	1	-0.090181	-0.12488	0.048465	0.61549	0.15774	0.36379	0.14007	0.24876	-0.090181	1	-0.17963	0.64545	-0.21297	0.64023	-0.015419	-0.67959	-0.3034	-0.12488	-0.17963	1	0.27975	0.060755	-0.012717	0.21112	-0.3146	-0.27533	0.048465	0.64545	0.27975	1	-0.13371	0.59852	-0.15388	-0.66764	0.014904	0.61549	-0.21297	0.060755	-0.13371	1	-0.28591	0.57357	0.091667	0.29371	0.15774	0.64023	-0.012717	0.59852	-0.28591	1	-0.098886	-0.63952	0.29944	0.36379	-0.015419	0.21112	-0.15388	0.57357	-0.098886	1	0.042417	-0.10275	0.14007	-0.67959	-0.3146	-0.66764	0.091667	-0.63952	0.042417	1
