1	-0.57229	0.025266	0.41228	0.38554	0.62611	0.35065	-0.03963	-0.17872	-0.57229	1	0.35352	-0.66329	-0.34438	0.026157	-0.14061	-0.20548	0.75503	0.025266	0.35352	1	0.22261	-0.27452	0.14794	-0.0072856	-0.27517	0.4507	0.41228	-0.66329	0.22261	1	0.31391	0.064635	0.063814	-0.070711	-0.60941	0.38554	-0.34438	-0.27452	0.31391	1	0.32265	0.33706	-0.35806	-0.38519	0.62611	0.026157	0.14794	0.064635	0.32265	1	0.25651	-0.29569	0.26796	0.35065	-0.14061	-0.0072856	0.063814	0.33706	0.25651	1	0.19368	0.21235	-0.03963	-0.20548	-0.27517	-0.070711	-0.35806	-0.29569	0.19368	1	0.13663	-0.17872	0.75503	0.4507	-0.60941	-0.38519	0.26796	0.21235	0.13663	1
