1	0.34331	-0.80774	0.19139	-0.32472	0.19502	0.066291	0.53251	-0.31433	0.34331	1	-0.57773	0.46271	-0.11217	-0.40886	-0.09708	-0.26067	-0.73266	-0.80774	-0.57773	1	-0.40064	0.41773	-0.085216	0.12642	-0.023557	0.42737	0.19139	0.46271	-0.40064	1	-0.12948	-0.062658	-0.27911	-0.06319	-0.29661	-0.32472	-0.11217	0.41773	-0.12948	1	-0.37959	0.085267	-0.11789	-0.27172	0.19502	-0.40886	-0.085216	-0.062658	-0.37959	1	0.50934	0.38444	0.55028	0.066291	-0.09708	0.12642	-0.27911	0.085267	0.50934	1	0.28881	-0.037292	0.53251	-0.26067	-0.023557	-0.06319	-0.11789	0.38444	0.28881	1	0.24587	-0.31433	-0.73266	0.42737	-0.29661	-0.27172	0.55028	-0.037292	0.24587	1
