1	0.1647	0.26007	-0.0082219	0.30103	0.27136	-0.059412	0.46334	-0.44594	0.1647	1	-0.08867	0.10068	-0.12037	0.066253	-0.095327	0.11647	-0.24331	0.26007	-0.08867	1	-0.068625	-0.33158	0.4452	0.66807	0.17505	0.37883	-0.0082219	0.10068	-0.068625	1	0.67467	0.3169	-0.025391	-0.43904	-0.46323	0.30103	-0.12037	-0.33158	0.67467	1	0.3576	-0.48201	-0.22898	-0.75295	0.27136	0.066253	0.4452	0.3169	0.3576	1	-0.13998	0.34811	-0.21772	-0.059412	-0.095327	0.66807	-0.025391	-0.48201	-0.13998	1	-0.28975	0.58453	0.46334	0.11647	0.17505	-0.43904	-0.22898	0.34811	-0.28975	1	-0.093892	-0.44594	-0.24331	0.37883	-0.46323	-0.75295	-0.21772	0.58453	-0.093892	1
