1	0.46969	0.68192	-0.51863	0.67906	0.51368	0.097077	0.15746	-0.11073	0.46969	1	0.6432	-0.021869	0.30462	0.10973	-0.21878	0.42477	-0.45892	0.68192	0.6432	1	-0.20257	0.26181	0.30344	-0.33698	0.42192	0.013353	-0.51863	-0.021869	-0.20257	1	-0.40563	-0.24004	0.025252	0.041753	-0.22297	0.67906	0.30462	0.26181	-0.40563	1	0.57367	0.34411	-0.22959	-0.48104	0.51368	0.10973	0.30344	-0.24004	0.57367	1	0.53585	-0.33454	-0.14177	0.097077	-0.21878	-0.33698	0.025252	0.34411	0.53585	1	-0.63914	-0.050787	0.15746	0.42477	0.42192	0.041753	-0.22959	-0.33454	-0.63914	1	-0.023571	-0.11073	-0.45892	0.013353	-0.22297	-0.48104	-0.14177	-0.050787	-0.023571	1
