1	-0.12543	-0.34697	-0.68673	-0.56004	0.2526	0.17899	0.017276	-0.30054	-0.12543	1	0.30999	-0.1511	0.10506	0.1745	0.61136	0.38989	0.62804	-0.34697	0.30999	1	0.19894	-0.043015	0.13457	0.09829	0.085601	0.65536	-0.68673	-0.1511	0.19894	1	0.46796	-0.31345	-0.30144	0.10407	0.070844	-0.56004	0.10506	-0.043015	0.46796	1	0.11684	0.28198	0.036729	0.099716	0.2526	0.1745	0.13457	-0.31345	0.11684	1	0.39438	-0.13843	0.058459	0.17899	0.61136	0.09829	-0.30144	0.28198	0.39438	1	-0.11612	0.5624	0.017276	0.38989	0.085601	0.10407	0.036729	-0.13843	-0.11612	1	0.040892	-0.30054	0.62804	0.65536	0.070844	0.099716	0.058459	0.5624	0.040892	1
