1	0.19846	0.14535	-0.19641	0.42563	-0.19707	-0.14877	0.27182	0.6374	0.19846	1	-0.66117	0.12405	0.12922	-0.053775	0.088933	-0.031946	0.43623	0.14535	-0.66117	1	0.14205	-0.28941	-0.0023593	-0.46494	-0.19578	-0.13344	-0.19641	0.12405	0.14205	1	-0.13548	-0.078113	-0.51537	0.054044	-0.459	0.42563	0.12922	-0.28941	-0.13548	1	-0.28497	0.36137	0.70239	0.52476	-0.19707	-0.053775	-0.0023593	-0.078113	-0.28497	1	0.039638	-0.38335	-0.13984	-0.14877	0.088933	-0.46494	-0.51537	0.36137	0.039638	1	0.49279	0.26377	0.27182	-0.031946	-0.19578	0.054044	0.70239	-0.38335	0.49279	1	0.10021	0.6374	0.43623	-0.13344	-0.459	0.52476	-0.13984	0.26377	0.10021	1
