1	0.3795	0.16804	0.028076	-0.13747	-0.0011295	-0.097127	0.578	-0.23314	0.3795	1	-0.21304	0.5277	0.010967	-0.25545	-0.21559	0.087949	-0.4229	0.16804	-0.21304	1	-0.19554	-0.051118	0.1684	0.6287	0.27521	0.2715	0.028076	0.5277	-0.19554	1	0.086968	0.079819	-0.1925	-0.16779	-0.46744	-0.13747	0.010967	-0.051118	0.086968	1	0.23286	0.24785	0.28127	0.21474	-0.0011295	-0.25545	0.1684	0.079819	0.23286	1	0.17747	0.57816	0.6493	-0.097127	-0.21559	0.6287	-0.1925	0.24785	0.17747	1	0.18521	0.27626	0.578	0.087949	0.27521	-0.16779	0.28127	0.57816	0.18521	1	0.51621	-0.23314	-0.4229	0.2715	-0.46744	0.21474	0.6493	0.27626	0.51621	1
