1	0.25536	0.36431	0.021697	0.41524	0.23033	0.089816	0.25257	-0.20477	0.25536	1	0.29942	0.23169	0.099073	-0.13037	0.60845	-0.6213	0.52614	0.36431	0.29942	1	0.20129	0.53543	0.64456	0.13933	-0.17217	-0.4345	0.021697	0.23169	0.20129	1	0.15104	0.30774	0.16323	0.26649	0.011273	0.41524	0.099073	0.53543	0.15104	1	0.43158	0.2636	-0.012443	-0.35645	0.23033	-0.13037	0.64456	0.30774	0.43158	1	0.19259	0.42296	-0.32536	0.089816	0.60845	0.13933	0.16323	0.2636	0.19259	1	-0.21697	0.60489	0.25257	-0.6213	-0.17217	0.26649	-0.012443	0.42296	-0.21697	1	-0.30749	-0.20477	0.52614	-0.4345	0.011273	-0.35645	-0.32536	0.60489	-0.30749	1
