1	0.087428	0.76964	-0.52221	0.6494	-0.4115	0.13373	-0.42859	0.18756	0.087428	1	-0.19989	-0.12064	-0.0092473	0.06804	0.11496	-0.19592	-0.24596	0.76964	-0.19989	1	-0.42426	0.51753	-0.24625	-0.072142	-0.12445	-0.09817	-0.52221	-0.12064	-0.42426	1	-0.18771	0.37088	0.36604	0.52009	-0.17731	0.6494	-0.0092473	0.51753	-0.18771	1	0.13526	0.11815	-0.42844	-0.37114	-0.4115	0.06804	-0.24625	0.37088	0.13526	1	-0.26008	-0.076596	-0.70294	0.13373	0.11496	-0.072142	0.36604	0.11815	-0.26008	1	0.47451	0.081177	-0.42859	-0.19592	-0.12445	0.52009	-0.42844	-0.076596	0.47451	1	-0.090323	0.18756	-0.24596	-0.09817	-0.17731	-0.37114	-0.70294	0.081177	-0.090323	1
