1	0.076277	0.20367	-0.24164	-0.017427	-0.69387	0.025153	-0.27773	-0.10969	0.076277	1	-0.15395	0.70379	-0.25774	0.23985	-0.3795	-0.25858	0.72847	0.20367	-0.15395	1	-0.34185	-0.42164	-0.12901	-0.040611	-0.6897	0.13547	-0.24164	0.70379	-0.34185	1	-0.032765	0.60596	-0.51124	-0.20756	0.84229	-0.017427	-0.25774	-0.42164	-0.032765	1	-0.055912	-0.033571	0.18236	-0.26455	-0.69387	0.23985	-0.12901	0.60596	-0.055912	1	-0.43114	-0.10858	0.49815	0.025153	-0.3795	-0.040611	-0.51124	-0.033571	-0.43114	1	0.24952	-0.46294	-0.27773	-0.25858	-0.6897	-0.20756	0.18236	-0.10858	0.24952	1	-0.63616	-0.10969	0.72847	0.13547	0.84229	-0.26455	0.49815	-0.46294	-0.63616	1
