1	-0.29684	0.64601	-0.028602	0.36995	0.45169	0.098308	0.14511	-0.84463	-0.29684	1	-0.16612	-0.090168	-0.33263	0.063979	-0.096222	0.4135	0.20695	0.64601	-0.16612	1	0.42036	0.20434	0.58882	-0.30884	-0.019505	-0.74159	-0.028602	-0.090168	0.42036	1	0.14865	0.067283	-0.19995	-0.024666	0.014422	0.36995	-0.33263	0.20434	0.14865	1	-0.12099	-0.10226	-0.28702	0.061736	0.45169	0.063979	0.58882	0.067283	-0.12099	1	0.37016	-0.12749	-0.66727	0.098308	-0.096222	-0.30884	-0.19995	-0.10226	0.37016	1	0.060885	-0.067006	0.14511	0.4135	-0.019505	-0.024666	-0.28702	-0.12749	0.060885	1	-0.15966	-0.84463	0.20695	-0.74159	0.014422	0.061736	-0.66727	-0.067006	-0.15966	1
