1	0.34447	0.18349	-0.14319	-0.25459	-0.13627	-0.13274	-0.63884	-0.013827	0.34447	1	-0.15276	-0.29582	-0.55861	0.00077983	-0.4793	-0.55136	-0.010161	0.18349	-0.15276	1	-0.027736	0.025967	-0.23946	0.37591	0.063922	-0.012641	-0.14319	-0.29582	-0.027736	1	0.22392	0.075803	0.33072	0.32448	0.31807	-0.25459	-0.55861	0.025967	0.22392	1	-0.0059772	0.19324	0.7212	-0.0080508	-0.13627	0.00077983	-0.23946	0.075803	-0.0059772	1	-0.24835	0.28272	0.0056103	-0.13274	-0.4793	0.37591	0.33072	0.19324	-0.24835	1	0.37339	0.15841	-0.63884	-0.55136	0.063922	0.32448	0.7212	0.28272	0.37339	1	-0.08848	-0.013827	-0.010161	-0.012641	0.31807	-0.0080508	0.0056103	0.15841	-0.08848	1
