1	-0.41654	0.54246	0.23292	-0.2037	0.00035254	0.085412	0.51858	0.20253	-0.41654	1	-0.064319	-0.43407	0.052084	-0.14676	0.079651	0.0066682	-0.097784	0.54246	-0.064319	1	-0.25902	-0.28245	0.19915	-0.078473	0.51989	0.15607	0.23292	-0.43407	-0.25902	1	-0.47335	-0.53279	0.13206	0.36324	-0.14651	-0.2037	0.052084	-0.28245	-0.47335	1	0.52087	0.11118	-0.17804	0.51439	0.00035254	-0.14676	0.19915	-0.53279	0.52087	1	-0.27417	-0.31925	0.25801	0.085412	0.079651	-0.078473	0.13206	0.11118	-0.27417	1	0.36159	-0.44404	0.51858	0.0066682	0.51989	0.36324	-0.17804	-0.31925	0.36159	1	0.23709	0.20253	-0.097784	0.15607	-0.14651	0.51439	0.25801	-0.44404	0.23709	1
