1	-0.56392	-0.28428	-0.47606	-0.36709	-0.17822	0.20825	0.46401	0.48445	-0.56392	1	-0.3494	0.025918	-0.05757	0.71888	-0.0025496	-0.34339	-0.51333	-0.28428	-0.3494	1	0.24094	-0.0038078	-0.20353	0.23183	-0.037522	0.3371	-0.47606	0.025918	0.24094	1	0.29658	-0.44257	-0.60553	-0.33439	-0.54944	-0.36709	-0.05757	-0.0038078	0.29658	1	-0.16648	-0.52838	0.20479	-0.0021632	-0.17822	0.71888	-0.20353	-0.44257	-0.16648	1	0.2443	-0.17277	0.097518	0.20825	-0.0025496	0.23183	-0.60553	-0.52838	0.2443	1	0.24051	0.45717	0.46401	-0.34339	-0.037522	-0.33439	0.20479	-0.17277	0.24051	1	0.58703	0.48445	-0.51333	0.3371	-0.54944	-0.0021632	0.097518	0.45717	0.58703	1
