1	0.14565	-0.036132	-0.27166	-0.52758	0.19323	0.27348	0.50206	-0.32702	0.14565	1	-0.23549	-0.16721	-0.29579	0.62527	0.24942	0.42263	0.48063	-0.036132	-0.23549	1	-0.035506	0.25761	-0.1194	0.05987	-0.32049	0.032808	-0.27166	-0.16721	-0.035506	1	0.21609	-0.44989	-0.13001	-0.29377	-0.16566	-0.52758	-0.29579	0.25761	0.21609	1	-0.62481	-0.57638	-0.33064	-0.13759	0.19323	0.62527	-0.1194	-0.44989	-0.62481	1	0.30546	0.47895	0.68893	0.27348	0.24942	0.05987	-0.13001	-0.57638	0.30546	1	0.18706	0.094109	0.50206	0.42263	-0.32049	-0.29377	-0.33064	0.47895	0.18706	1	0.043221	-0.32702	0.48063	0.032808	-0.16566	-0.13759	0.68893	0.094109	0.043221	1
