1	0.2546	0.17724	0.067683	0.3975	0.62631	0.35359	-0.29443	0.11004	0.2546	1	0.14522	0.28819	0.047595	0.56543	0.16246	-0.48051	0.42404	0.17724	0.14522	1	0.017556	-0.30615	0.17879	0.0054254	0.037897	-0.2913	0.067683	0.28819	0.017556	1	0.14762	-0.17814	-0.51156	-0.25435	0.24758	0.3975	0.047595	-0.30615	0.14762	1	0.34709	0.17884	-0.69279	0.57033	0.62631	0.56543	0.17879	-0.17814	0.34709	1	0.36285	-0.49059	0.45875	0.35359	0.16246	0.0054254	-0.51156	0.17884	0.36285	1	-0.19632	0.25769	-0.29443	-0.48051	0.037897	-0.25435	-0.69279	-0.49059	-0.19632	1	-0.71801	0.11004	0.42404	-0.2913	0.24758	0.57033	0.45875	0.25769	-0.71801	1
