1	0.0083012	-0.15935	0.5065	-0.18234	-0.26256	-0.12567	-0.2399	-0.10938	0.0083012	1	-0.30338	-0.25491	0.15165	-0.10999	0.011726	0.16749	0.038485	-0.15935	-0.30338	1	0.19635	0.183	0.83236	0.4972	-0.37778	0.018329	0.5065	-0.25491	0.19635	1	0.083385	-0.0068387	0.10672	-0.65898	0.32835	-0.18234	0.15165	0.183	0.083385	1	0.3789	0.51795	-0.15265	0.36208	-0.26256	-0.10999	0.83236	-0.0068387	0.3789	1	0.62682	-0.39114	0.071079	-0.12567	0.011726	0.4972	0.10672	0.51795	0.62682	1	-0.54704	0.56356	-0.2399	0.16749	-0.37778	-0.65898	-0.15265	-0.39114	-0.54704	1	-0.61369	-0.10938	0.038485	0.018329	0.32835	0.36208	0.071079	0.56356	-0.61369	1
