1	-0.056498	0.34595	0.01813	0.52495	0.55737	-0.19303	-0.53694	0.0041149	-0.056498	1	0.51581	0.27758	0.48802	0.28721	0.15504	0.068574	-0.4622	0.34595	0.51581	1	0.081077	0.81913	0.56135	-0.067395	-0.49363	-0.56823	0.01813	0.27758	0.081077	1	-0.016841	-0.15242	-0.26265	0.098666	-0.29866	0.52495	0.48802	0.81913	-0.016841	1	0.62191	-0.19165	-0.6676	-0.64788	0.55737	0.28721	0.56135	-0.15242	0.62191	1	0.17255	-0.28174	0.012918	-0.19303	0.15504	-0.067395	-0.26265	-0.19165	0.17255	1	0.64667	0.54268	-0.53694	0.068574	-0.49363	0.098666	-0.6676	-0.28174	0.64667	1	0.57586	0.0041149	-0.4622	-0.56823	-0.29866	-0.64788	0.012918	0.54268	0.57586	1
