1	-0.14006	0.18373	-0.60795	-0.30571	0.019734	-0.15929	0.25667	0.38011	-0.14006	1	0.28959	0.37263	0.3072	0.10382	0.088963	-0.56723	0.29633	0.18373	0.28959	1	-0.26797	-0.24074	-0.55467	-0.74598	-0.017722	-0.13571	-0.60795	0.37263	-0.26797	1	0.36107	0.39123	0.30279	-0.036739	0.099793	-0.30571	0.3072	-0.24074	0.36107	1	0.44523	0.61483	-0.38137	0.22373	0.019734	0.10382	-0.55467	0.39123	0.44523	1	0.67643	-0.015655	0.31481	-0.15929	0.088963	-0.74598	0.30279	0.61483	0.67643	1	-0.01611	0.18071	0.25667	-0.56723	-0.017722	-0.036739	-0.38137	-0.015655	-0.01611	1	-0.19832	0.38011	0.29633	-0.13571	0.099793	0.22373	0.31481	0.18071	-0.19832	1
