1	-0.27411	-0.22752	0.31644	-0.24105	0.20363	0.069838	0.23594	-0.12043	-0.27411	1	-0.062544	-0.43461	0.099638	-0.45492	-0.39966	-0.69716	0.1895	-0.22752	-0.062544	1	-0.2422	-0.097321	-0.60742	0.21661	-0.048531	-0.19156	0.31644	-0.43461	-0.2422	1	-0.51984	0.56441	-0.21862	0.55173	-0.71682	-0.24105	0.099638	-0.097321	-0.51984	1	-0.13537	-0.29139	-0.23233	0.73978	0.20363	-0.45492	-0.60742	0.56441	-0.13537	1	0.0061509	0.65505	-0.042836	0.069838	-0.39966	0.21661	-0.21862	-0.29139	0.0061509	1	-0.043302	0.082261	0.23594	-0.69716	-0.048531	0.55173	-0.23233	0.65505	-0.043302	1	-0.28125	-0.12043	0.1895	-0.19156	-0.71682	0.73978	-0.042836	0.082261	-0.28125	1
