1	0.16389	-0.26112	-0.30244	0.097897	-0.18209	-0.39652	0.55272	-0.21146	0.16389	1	-0.31742	-0.07457	0.7435	-0.049849	0.047838	0.10709	-0.19463	-0.26112	-0.31742	1	0.41508	-0.29253	-0.306	-0.46314	-0.05054	0.31873	-0.30244	-0.07457	0.41508	1	0.10165	0.09905	-0.068915	0.36887	0.84691	0.097897	0.7435	-0.29253	0.10165	1	0.15502	0.00059921	0.082339	0.18574	-0.18209	-0.049849	-0.306	0.09905	0.15502	1	0.53102	-0.22581	0.050487	-0.39652	0.047838	-0.46314	-0.068915	0.00059921	0.53102	1	-0.33296	-0.10813	0.55272	0.10709	-0.05054	0.36887	0.082339	-0.22581	-0.33296	1	0.34482	-0.21146	-0.19463	0.31873	0.84691	0.18574	0.050487	-0.10813	0.34482	1
