1	-0.22114	0.33481	0.20444	-0.15086	-0.13292	0.14528	-0.7804	0.24003	-0.22114	1	0.066734	0.60538	-0.48702	0.18024	-0.38488	0.19027	-0.17675	0.33481	0.066734	1	-0.14043	-0.32406	0.30835	-0.016304	-0.17381	0.52234	0.20444	0.60538	-0.14043	1	-0.35864	-0.2236	-0.33817	-0.41978	-0.089205	-0.15086	-0.48702	-0.32406	-0.35864	1	-0.15214	0.48175	0.14513	0.039807	-0.13292	0.18024	0.30835	-0.2236	-0.15214	1	0.12941	0.26002	0.13492	0.14528	-0.38488	-0.016304	-0.33817	0.48175	0.12941	1	0.095108	0.53662	-0.7804	0.19027	-0.17381	-0.41978	0.14513	0.26002	0.095108	1	-0.27236	0.24003	-0.17675	0.52234	-0.089205	0.039807	0.13492	0.53662	-0.27236	1
