1	0.027387	-0.56511	0.29007	0.16911	-0.11682	-0.4366	-0.45547	0.11217	0.027387	1	-0.20998	-0.1405	0.24608	0.48677	-0.16052	0.10648	0.8338	-0.56511	-0.20998	1	0.36753	-0.60891	0.44937	0.10101	0.5624	-0.27038	0.29007	-0.1405	0.36753	1	-0.097308	0.29953	0.10943	-0.32333	0.15209	0.16911	0.24608	-0.60891	-0.097308	1	-0.11472	0.3228	-0.42629	0.37241	-0.11682	0.48677	0.44937	0.29953	-0.11472	1	0.025419	0.53405	0.37074	-0.4366	-0.16052	0.10101	0.10943	0.3228	0.025419	1	-0.11311	0.072506	-0.45547	0.10648	0.5624	-0.32333	-0.42629	0.53405	-0.11311	1	-0.20282	0.11217	0.8338	-0.27038	0.15209	0.37241	0.37074	0.072506	-0.20282	1
