1	-0.099732	-0.31369	0.3	0.098318	-0.034933	-0.27347	0.081377	0.17849	-0.099732	1	-0.11265	0.13268	-0.0053074	0.39016	0.36036	-0.033259	0.4903	-0.31369	-0.11265	1	-0.21721	-0.086278	0.45347	0.029158	0.044179	-0.3163	0.3	0.13268	-0.21721	1	-0.14928	-0.41404	0.61797	-0.28928	0.56384	0.098318	-0.0053074	-0.086278	-0.14928	1	-0.14618	-0.19202	0.0073447	-0.50125	-0.034933	0.39016	0.45347	-0.41404	-0.14618	1	-0.22681	0.26012	0.053609	-0.27347	0.36036	0.029158	0.61797	-0.19202	-0.22681	1	-0.48586	0.37207	0.081377	-0.033259	0.044179	-0.28928	0.0073447	0.26012	-0.48586	1	-0.21368	0.17849	0.4903	-0.3163	0.56384	-0.50125	0.053609	0.37207	-0.21368	1
