1	-0.10664	0.34836	-0.228	0.1728	-0.33193	0.0037775	0.41485	0.15202	-0.10664	1	-0.50201	-0.020326	0.6311	0.056465	0.16894	0.61138	0.093381	0.34836	-0.50201	1	-0.010532	0.18017	-0.0051128	-0.16892	-0.063692	-0.47578	-0.228	-0.020326	-0.010532	1	-0.13455	0.29377	0.37868	0.18182	0.19736	0.1728	0.6311	0.18017	-0.13455	1	-0.089719	0.017601	0.65129	-0.29431	-0.33193	0.056465	-0.0051128	0.29377	-0.089719	1	-0.18485	-0.18394	-0.33855	0.0037775	0.16894	-0.16892	0.37868	0.017601	-0.18485	1	0.24226	-0.066038	0.41485	0.61138	-0.063692	0.18182	0.65129	-0.18394	0.24226	1	0.21777	0.15202	0.093381	-0.47578	0.19736	-0.29431	-0.33855	-0.066038	0.21777	1
