1	0.36236	0.21788	-0.16683	0.18755	0.014388	-0.41164	0.53813	0.8002	0.36236	1	-0.25276	0.065699	-0.26737	0.2157	-0.10977	0.457	0.49779	0.21788	-0.25276	1	0.33356	0.70996	-0.57446	0.19373	0.070165	0.071116	-0.16683	0.065699	0.33356	1	0.28191	0.044351	0.19333	0.055012	-0.0042093	0.18755	-0.26737	0.70996	0.28191	1	-0.50997	0.021684	0.34128	0.18217	0.014388	0.2157	-0.57446	0.044351	-0.50997	1	-0.29993	-0.15581	-0.18692	-0.41164	-0.10977	0.19373	0.19333	0.021684	-0.29993	1	-0.50139	-0.42823	0.53813	0.457	0.070165	0.055012	0.34128	-0.15581	-0.50139	1	0.62305	0.8002	0.49779	0.071116	-0.0042093	0.18217	-0.18692	-0.42823	0.62305	1
