1	-0.025282	-0.32631	0.15487	0.67181	0.24966	0.056154	-0.27572	-0.26882	-0.025282	1	-0.49943	-0.32022	0.28918	-0.28078	-0.16514	-0.15637	-0.34237	-0.32631	-0.49943	1	0.60742	-0.3475	0.41719	-0.48333	0.32793	0.76769	0.15487	-0.32022	0.60742	1	0.15372	0.60348	-0.45277	-0.15549	0.58128	0.67181	0.28918	-0.3475	0.15372	1	0.4425	-0.0041021	-0.35439	-0.254	0.24966	-0.28078	0.41719	0.60348	0.4425	1	-0.40875	0.0056387	0.36172	0.056154	-0.16514	-0.48333	-0.45277	-0.0041021	-0.40875	1	-0.48153	-0.50124	-0.27572	-0.15637	0.32793	-0.15549	-0.35439	0.0056387	-0.48153	1	0.20721	-0.26882	-0.34237	0.76769	0.58128	-0.254	0.36172	-0.50124	0.20721	1
