1	0.40233	0.20211	0.11224	-0.14565	-0.40178	0.081756	0.18156	0.45849	0.40233	1	0.58035	0.41599	0.14024	0.27724	0.23988	0.56906	0.59127	0.20211	0.58035	1	0.7506	-0.45901	0.1708	0.44419	0.42342	0.75446	0.11224	0.41599	0.7506	1	-0.40687	0.10657	0.64803	0.28902	0.51447	-0.14565	0.14024	-0.45901	-0.40687	1	0.34484	-0.43361	-0.077694	-0.54179	-0.40178	0.27724	0.1708	0.10657	0.34484	1	-0.2617	0.62952	-0.22247	0.081756	0.23988	0.44419	0.64803	-0.43361	-0.2617	1	0.07178	0.48658	0.18156	0.56906	0.42342	0.28902	-0.077694	0.62952	0.07178	1	0.17288	0.45849	0.59127	0.75446	0.51447	-0.54179	-0.22247	0.48658	0.17288	1
