1	0.15937	-0.059521	-0.35799	-0.047429	0.11155	-0.010985	-0.69924	0.75229	0.15937	1	-0.22962	-0.24542	0.31409	0.28531	0.39586	-0.17358	0.04131	-0.059521	-0.22962	1	0.44902	-0.41008	0.22866	-0.12174	-0.12847	-0.31615	-0.35799	-0.24542	0.44902	1	0.36039	-0.1703	-0.091635	0.53121	-0.60118	-0.047429	0.31409	-0.41008	0.36039	1	-0.46128	0.15483	0.33078	-0.2703	0.11155	0.28531	0.22866	-0.1703	-0.46128	1	0.25283	0.012906	0.10858	-0.010985	0.39586	-0.12174	-0.091635	0.15483	0.25283	1	-0.21466	-0.38283	-0.69924	-0.17358	-0.12847	0.53121	0.33078	0.012906	-0.21466	1	-0.49083	0.75229	0.04131	-0.31615	-0.60118	-0.2703	0.10858	-0.38283	-0.49083	1
