1	-0.22894	0.18184	0.54555	0.42086	-0.32294	-0.5315	-0.08225	0.10673	-0.22894	1	-0.44659	-0.40541	0.051283	0.78247	0.59427	0.41187	0.23403	0.18184	-0.44659	1	0.48778	-0.40926	-0.42433	0.044276	0.17954	0.16559	0.54555	-0.40541	0.48778	1	0.088684	-0.57566	-0.47001	-0.060522	0.024362	0.42086	0.051283	-0.40926	0.088684	1	0.028139	-0.41195	-0.57809	-0.50755	-0.32294	0.78247	-0.42433	-0.57566	0.028139	1	0.74376	0.49603	0.25423	-0.5315	0.59427	0.044276	-0.47001	-0.41195	0.74376	1	0.66826	0.34154	-0.08225	0.41187	0.17954	-0.060522	-0.57809	0.49603	0.66826	1	0.87344	0.10673	0.23403	0.16559	0.024362	-0.50755	0.25423	0.34154	0.87344	1
