1	0.038815	-0.25906	-0.0088189	-0.071128	0.071861	-0.18317	0.14177	0.2007	0.038815	1	-0.84076	-0.42264	0.17608	0.39776	0.20279	0.42505	0.2227	-0.25906	-0.84076	1	0.11827	-0.14803	-0.077024	-0.16716	-0.59939	0.032873	-0.0088189	-0.42264	0.11827	1	-0.12077	-0.83031	-0.21791	-0.054999	-0.41096	-0.071128	0.17608	-0.14803	-0.12077	1	-0.1678	0.45673	-0.21159	-0.28795	0.071861	0.39776	-0.077024	-0.83031	-0.1678	1	0.12313	-0.063578	0.5216	-0.18317	0.20279	-0.16716	-0.21791	0.45673	0.12313	1	-0.23273	0.19213	0.14177	0.42505	-0.59939	-0.054999	-0.21159	-0.063578	-0.23273	1	0.10908	0.2007	0.2227	0.032873	-0.41096	-0.28795	0.5216	0.19213	0.10908	1
