1	0.064049	0.68293	-0.37668	-0.44063	0.74243	-0.10833	-0.0071184	0.097141	0.064049	1	-0.23284	0.16054	-0.11497	0.24942	0.072575	-0.010451	0.35358	0.68293	-0.23284	1	-0.54493	-0.20785	0.28877	-0.46321	0.48777	-0.22319	-0.37668	0.16054	-0.54493	1	0.056136	0.099088	0.59041	-0.68533	0.28148	-0.44063	-0.11497	-0.20785	0.056136	1	-0.54331	-0.29113	0.22626	-0.4435	0.74243	0.24942	0.28877	0.099088	-0.54331	1	0.11989	-0.33216	0.47303	-0.10833	0.072575	-0.46321	0.59041	-0.29113	0.11989	1	-0.67154	0.096097	-0.0071184	-0.010451	0.48777	-0.68533	0.22626	-0.33216	-0.67154	1	-0.34616	0.097141	0.35358	-0.22319	0.28148	-0.4435	0.47303	0.096097	-0.34616	1
