1	-0.27191	-0.72665	-0.15408	-0.1613	-0.70378	0.10236	-0.20782	0.20315	-0.27191	1	0.10698	-0.085717	-0.25434	-0.17287	-0.18308	0.057491	0.62658	-0.72665	0.10698	1	-0.15851	0.51995	0.84257	0.28943	0.35458	-0.27317	-0.15408	-0.085717	-0.15851	1	-0.16972	0.082517	-0.65565	-0.24838	-0.0046786	-0.1613	-0.25434	0.51995	-0.16972	1	0.54452	0.35678	0.028016	-0.5617	-0.70378	-0.17287	0.84257	0.082517	0.54452	1	0.27235	0.047757	-0.48621	0.10236	-0.18308	0.28943	-0.65565	0.35678	0.27235	1	-0.0047849	-0.27583	-0.20782	0.057491	0.35458	-0.24838	0.028016	0.047757	-0.0047849	1	-0.26563	0.20315	0.62658	-0.27317	-0.0046786	-0.5617	-0.48621	-0.27583	-0.26563	1
