1	0.25717	-0.1045	-0.057935	0.49051	0.50802	-0.10259	0.58298	0.57572	0.25717	1	0.30105	-0.69526	-0.10973	0.13505	-0.099437	0.26424	0.50258	-0.1045	0.30105	1	-0.3546	-0.41003	0.34897	0.42928	-0.074179	0.048742	-0.057935	-0.69526	-0.3546	1	0.29956	-0.19525	-0.025182	-0.094778	-0.21897	0.49051	-0.10973	-0.41003	0.29956	1	0.0808	-0.69548	0.096572	0.17504	0.50802	0.13505	0.34897	-0.19525	0.0808	1	0.41746	0.68457	0.2697	-0.10259	-0.099437	0.42928	-0.025182	-0.69548	0.41746	1	0.35186	-0.19682	0.58298	0.26424	-0.074179	-0.094778	0.096572	0.68457	0.35186	1	0.32019	0.57572	0.50258	0.048742	-0.21897	0.17504	0.2697	-0.19682	0.32019	1
