1	0.12904	0.26884	0.15741	0.12746	-0.074815	0.47634	-0.10511	0.42488	0.12904	1	0.54361	0.50363	0.51657	-0.36454	0.38683	-0.27734	0.37541	0.26884	0.54361	1	0.35526	0.069953	0.0055613	0.52685	-0.2034	-0.19282	0.15741	0.50363	0.35526	1	0.3638	-0.2269	0.31984	-0.010873	0.15112	0.12746	0.51657	0.069953	0.3638	1	0.070577	0.19855	0.22837	0.66986	-0.074815	-0.36454	0.0055613	-0.2269	0.070577	1	0.22947	0.64733	-0.085783	0.47634	0.38683	0.52685	0.31984	0.19855	0.22947	1	-0.13468	0.33971	-0.10511	-0.27734	-0.2034	-0.010873	0.22837	0.64733	-0.13468	1	0.010282	0.42488	0.37541	-0.19282	0.15112	0.66986	-0.085783	0.33971	0.010282	1
