1	0.63747	0.043167	-0.26228	-0.17374	0.29899	-0.22675	-0.15015	0.18225	0.63747	1	-0.0041791	-0.30905	0.03515	0.47946	-0.21285	-0.49419	-0.01974	0.043167	-0.0041791	1	0.44068	-0.32368	-0.36819	-0.46693	0.19011	-0.29172	-0.26228	-0.30905	0.44068	1	-0.68624	0.034579	-0.26209	0.0080007	-0.29999	-0.17374	0.03515	-0.32368	-0.68624	1	0.15759	0.48596	0.42253	0.49989	0.29899	0.47946	-0.36819	0.034579	0.15759	1	0.25264	-0.1392	0.37079	-0.22675	-0.21285	-0.46693	-0.26209	0.48596	0.25264	1	0.33336	0.44611	-0.15015	-0.49419	0.19011	0.0080007	0.42253	-0.1392	0.33336	1	0.50937	0.18225	-0.01974	-0.29172	-0.29999	0.49989	0.37079	0.44611	0.50937	1
