1	-0.21337	-0.0043396	-0.27393	-0.33206	-0.51241	0.089355	-0.23189	0.31073	-0.21337	1	-0.28462	0.34054	0.17877	0.37876	0.023016	-0.18987	0.022415	-0.0043396	-0.28462	1	-0.16337	-0.67083	0.11311	0.29367	0.032935	0.021491	-0.27393	0.34054	-0.16337	1	0.60126	0.6033	0.20998	0.38799	-0.19373	-0.33206	0.17877	-0.67083	0.60126	1	0.23979	0.050879	0.10987	-0.10941	-0.51241	0.37876	0.11311	0.6033	0.23979	1	0.28629	0.49535	-0.25097	0.089355	0.023016	0.29367	0.20998	0.050879	0.28629	1	-0.11439	-0.24889	-0.23189	-0.18987	0.032935	0.38799	0.10987	0.49535	-0.11439	1	-0.042264	0.31073	0.022415	0.021491	-0.19373	-0.10941	-0.25097	-0.24889	-0.042264	1
