1	0.301	-0.073197	-0.28421	0.11497	-0.1389	0.20816	-0.14593	0.14909	0.301	1	-0.08483	-0.1698	-0.02822	-0.10071	-0.57756	0.15335	-0.081132	-0.073197	-0.08483	1	0.48676	-0.089942	0.6853	-0.028683	0.30709	0.36018	-0.28421	-0.1698	0.48676	1	-0.33812	0.21953	-0.17217	0.73518	0.68439	0.11497	-0.02822	-0.089942	-0.33812	1	-0.23628	0.067591	-0.53483	-0.00045251	-0.1389	-0.10071	0.6853	0.21953	-0.23628	1	-0.03472	0.19696	-0.033979	0.20816	-0.57756	-0.028683	-0.17217	0.067591	-0.03472	1	-0.080876	-0.078977	-0.14593	0.15335	0.30709	0.73518	-0.53483	0.19696	-0.080876	1	0.56898	0.14909	-0.081132	0.36018	0.68439	-0.00045251	-0.033979	-0.078977	0.56898	1
