1	-0.16573	0.31819	0.1921	-0.13318	-0.0057534	0.15139	-0.2206	-0.16585	-0.16573	1	0.28987	-0.32477	0.35003	0.43216	0.33968	0.061757	0.17119	0.31819	0.28987	1	-0.29133	-0.38151	0.056994	0.54335	-0.55324	-0.19582	0.1921	-0.32477	-0.29133	1	0.48138	0.36909	0.26117	0.58898	-0.2082	-0.13318	0.35003	-0.38151	0.48138	1	0.86075	0.17825	0.86232	0.082388	-0.0057534	0.43216	0.056994	0.36909	0.86075	1	0.33454	0.65588	-0.074876	0.15139	0.33968	0.54335	0.26117	0.17825	0.33454	1	0.057596	0.13862	-0.2206	0.061757	-0.55324	0.58898	0.86232	0.65588	0.057596	1	0.28277	-0.16585	0.17119	-0.19582	-0.2082	0.082388	-0.074876	0.13862	0.28277	1
