1	-0.13726	-0.031739	-0.35821	-0.11192	0.14144	-0.19561	0.012725	0.13475	-0.13726	1	-0.15426	0.72862	-0.017584	0.63026	-0.0062868	-0.39072	0.07481	-0.031739	-0.15426	1	-0.36464	0.27077	-0.032445	-0.1851	-0.50045	0.66925	-0.35821	0.72862	-0.36464	1	-0.088345	0.61292	-0.060606	-0.22359	-0.052885	-0.11192	-0.017584	0.27077	-0.088345	1	0.38167	-0.31047	-0.076178	0.19957	0.14144	0.63026	-0.032445	0.61292	0.38167	1	-0.094801	-0.39926	0.16541	-0.19561	-0.0062868	-0.1851	-0.060606	-0.31047	-0.094801	1	0.030895	-0.12137	0.012725	-0.39072	-0.50045	-0.22359	-0.076178	-0.39926	0.030895	1	-0.20485	0.13475	0.07481	0.66925	-0.052885	0.19957	0.16541	-0.12137	-0.20485	1
