1	0.16203	0.64737	-0.026062	0.013213	-0.093413	-0.19316	-0.24907	0.19377	0.16203	1	0.23072	0.40746	0.37105	0.27611	-0.25032	-0.48911	-0.05738	0.64737	0.23072	1	0.2239	-0.15265	0.21225	0.014492	0.039865	-0.2056	-0.026062	0.40746	0.2239	1	-0.29845	0.17559	0.17879	-0.32553	-0.31772	0.013213	0.37105	-0.15265	-0.29845	1	0.20613	-0.0027337	-0.13081	-0.16207	-0.093413	0.27611	0.21225	0.17559	0.20613	1	0.01009	0.27499	-0.61669	-0.19316	-0.25032	0.014492	0.17879	-0.0027337	0.01009	1	0.39628	-0.56665	-0.24907	-0.48911	0.039865	-0.32553	-0.13081	0.27499	0.39628	1	-0.13721	0.19377	-0.05738	-0.2056	-0.31772	-0.16207	-0.61669	-0.56665	-0.13721	1
