1	0.13203	0.010545	0.034112	0.38501	0.10242	-0.39172	-0.565	0.29931	0.13203	1	0.28943	-0.29699	0.23431	0.15213	0.47133	0.097295	0.16087	0.010545	0.28943	1	0.25142	0.49736	0.5097	0.55024	-0.14689	-0.33739	0.034112	-0.29699	0.25142	1	0.40008	0.2363	0.25725	-0.26647	-0.11234	0.38501	0.23431	0.49736	0.40008	1	0.54031	0.43975	-0.50417	-0.34464	0.10242	0.15213	0.5097	0.2363	0.54031	1	0.29513	-0.25252	-0.29175	-0.39172	0.47133	0.55024	0.25725	0.43975	0.29513	1	0.37693	-0.30834	-0.565	0.097295	-0.14689	-0.26647	-0.50417	-0.25252	0.37693	1	0.22084	0.29931	0.16087	-0.33739	-0.11234	-0.34464	-0.29175	-0.30834	0.22084	1
