1	0.4292	0.37008	0.038383	-0.24002	0.086392	-0.011519	-0.59312	-0.12111	0.4292	1	0.069825	0.57525	-0.52364	0.22471	0.13314	-0.050814	-0.38815	0.37008	0.069825	1	-0.064603	0.32738	0.28728	0.24844	-0.36138	0.26905	0.038383	0.57525	-0.064603	1	-0.70613	0.30839	0.18883	0.20818	0.033596	-0.24002	-0.52364	0.32738	-0.70613	1	0.21615	-0.47968	0.015969	0.42564	0.086392	0.22471	0.28728	0.30839	0.21615	1	-0.33681	0.012364	0.44856	-0.011519	0.13314	0.24844	0.18883	-0.47968	-0.33681	1	-0.15244	-0.36188	-0.59312	-0.050814	-0.36138	0.20818	0.015969	0.012364	-0.15244	1	0.38072	-0.12111	-0.38815	0.26905	0.033596	0.42564	0.44856	-0.36188	0.38072	1
