1	0.0093333	-0.3298	0.12748	-0.16636	-0.32427	-0.28679	0.3925	0.11383	0.0093333	1	0.15194	0.33536	0.3239	-0.014092	-0.16993	0.46129	-0.29489	-0.3298	0.15194	1	0.25052	-0.29646	-0.19511	0.079192	-0.03392	0.55924	0.12748	0.33536	0.25052	1	-0.011769	0.37322	0.29171	0.15054	-0.031214	-0.16636	0.3239	-0.29646	-0.011769	1	0.42072	-0.28865	0.25689	-0.70649	-0.32427	-0.014092	-0.19511	0.37322	0.42072	1	0.67281	-0.30109	-0.70293	-0.28679	-0.16993	0.079192	0.29171	-0.28865	0.67281	1	-0.41868	-0.16652	0.3925	0.46129	-0.03392	0.15054	0.25689	-0.30109	-0.41868	1	0.010249	0.11383	-0.29489	0.55924	-0.031214	-0.70649	-0.70293	-0.16652	0.010249	1
