1	-0.5784	-0.3533	-0.14194	-0.0594	0.057415	0.20048	0.62494	-0.4514	-0.5784	1	0.34979	0.18588	0.43383	-0.20645	-0.12363	-0.162	0.11794	-0.3533	0.34979	1	-0.18986	0.50312	0.43792	0.01034	-0.076719	0.010365	-0.14194	0.18588	-0.18986	1	-0.4218	-0.57938	0.61725	-0.40545	0.71487	-0.0594	0.43383	0.50312	-0.4218	1	0.60125	-0.1241	0.28177	-0.31874	0.057415	-0.20645	0.43792	-0.57938	0.60125	1	-0.1927	-0.030715	-0.30898	0.20048	-0.12363	0.01034	0.61725	-0.1241	-0.1927	1	-0.037625	0.4605	0.62494	-0.162	-0.076719	-0.40545	0.28177	-0.030715	-0.037625	1	-0.63456	-0.4514	0.11794	0.010365	0.71487	-0.31874	-0.30898	0.4605	-0.63456	1
