1	0.40786	-0.73675	0.15727	-0.2378	0.017253	-0.0017237	-0.089005	-0.44128	0.40786	1	-0.33239	0.052043	-0.12022	-0.15274	0.55602	-0.32905	0.15177	-0.73675	-0.33239	1	-0.52994	0.5556	0.41334	-0.14407	-0.023972	0.42766	0.15727	0.052043	-0.52994	1	-0.20068	-0.0033463	-0.13294	0.056263	-0.15216	-0.2378	-0.12022	0.5556	-0.20068	1	0.64235	-0.052024	0.15156	0.45745	0.017253	-0.15274	0.41334	-0.0033463	0.64235	1	-0.31514	-0.013395	0.34605	-0.0017237	0.55602	-0.14407	-0.13294	-0.052024	-0.31514	1	-0.56002	0.28789	-0.089005	-0.32905	-0.023972	0.056263	0.15156	-0.013395	-0.56002	1	-0.14702	-0.44128	0.15177	0.42766	-0.15216	0.45745	0.34605	0.28789	-0.14702	1
