1	-0.31878	0.2724	-0.14431	0.021823	0.51843	0.37537	0.3786	-0.18928	-0.31878	1	0.0080367	-0.026795	0.39864	0.19835	0.23656	0.060237	0.087992	0.2724	0.0080367	1	0.078036	0.51907	0.53997	0.25381	0.50646	-0.1419	-0.14431	-0.026795	0.078036	1	-0.48167	-0.42881	0.27774	0.029281	-0.39088	0.021823	0.39864	0.51907	-0.48167	1	0.57411	0.15456	0.50118	0.14304	0.51843	0.19835	0.53997	-0.42881	0.57411	1	0.14427	0.36395	0.18979	0.37537	0.23656	0.25381	0.27774	0.15456	0.14427	1	0.61841	-0.72859	0.3786	0.060237	0.50646	0.029281	0.50118	0.36395	0.61841	1	-0.17297	-0.18928	0.087992	-0.1419	-0.39088	0.14304	0.18979	-0.72859	-0.17297	1
