1	0.34388	-0.04412	0.031966	0.38339	0.44178	0.27042	0.15879	0.17448	0.34388	1	-0.047009	-0.38922	-0.0018691	-0.24233	0.45823	-0.37617	0.2187	-0.04412	-0.047009	1	-0.12813	-0.022106	0.23284	0.046144	0.24156	0.41937	0.031966	-0.38922	-0.12813	1	-0.38929	0.17585	0.16133	0.14274	-0.03886	0.38339	-0.0018691	-0.022106	-0.38929	1	0.69502	-0.20024	0.58093	0.43403	0.44178	-0.24233	0.23284	0.17585	0.69502	1	-0.010587	0.79405	0.31125	0.27042	0.45823	0.046144	0.16133	-0.20024	-0.010587	1	-0.21825	-0.044703	0.15879	-0.37617	0.24156	0.14274	0.58093	0.79405	-0.21825	1	0.20623	0.17448	0.2187	0.41937	-0.03886	0.43403	0.31125	-0.044703	0.20623	1
