1	-0.29381	0.084884	0.54066	-0.18367	0.014697	-0.4284	0.32009	-0.083489	-0.29381	1	-0.18045	0.10903	-0.15817	0.16421	0.27871	-0.11149	-0.74544	0.084884	-0.18045	1	0.24426	-0.31072	-0.11543	0.10325	0.37731	0.50767	0.54066	0.10903	0.24426	1	-0.4465	-0.015005	-0.31605	0.28535	-0.28276	-0.18367	-0.15817	-0.31072	-0.4465	1	-0.026273	0.57801	-0.41589	0.096105	0.014697	0.16421	-0.11543	-0.015005	-0.026273	1	0.1589	-0.55657	-0.21805	-0.4284	0.27871	0.10325	-0.31605	0.57801	0.1589	1	-0.18052	-0.053463	0.32009	-0.11149	0.37731	0.28535	-0.41589	-0.55657	-0.18052	1	0.021282	-0.083489	-0.74544	0.50767	-0.28276	0.096105	-0.21805	-0.053463	0.021282	1
