1	-0.58385	0.39151	-0.26465	0.0041643	-0.25025	-0.13952	-0.71631	-0.25143	-0.58385	1	-0.48495	0.28532	-0.40112	0.0094498	0.36625	0.48216	0.61318	0.39151	-0.48495	1	-0.063122	0.64871	0.24118	-0.39082	-0.42997	-0.75765	-0.26465	0.28532	-0.063122	1	-0.21833	0.041534	0.21394	-0.048953	0.19945	0.0041643	-0.40112	0.64871	-0.21833	1	0.08795	-0.55899	0.10479	-0.80418	-0.25025	0.0094498	0.24118	0.041534	0.08795	1	-0.0042679	-0.13605	-0.11716	-0.13952	0.36625	-0.39082	0.21394	-0.55899	-0.0042679	1	-0.17131	0.67955	-0.71631	0.48216	-0.42997	-0.048953	0.10479	-0.13605	-0.17131	1	0.27484	-0.25143	0.61318	-0.75765	0.19945	-0.80418	-0.11716	0.67955	0.27484	1
