1	0.13421	-0.57055	0.06195	-0.27842	-0.19726	0.32708	0.55395	-0.24436	0.13421	1	0.4597	0.16584	0.10077	0.11676	-0.25428	0.16243	0.19711	-0.57055	0.4597	1	-0.029445	0.20226	0.087392	-0.44509	-0.13911	0.40353	0.06195	0.16584	-0.029445	1	-0.35162	-0.80218	0.12006	0.32231	-0.19736	-0.27842	0.10077	0.20226	-0.35162	1	0.19471	-0.42516	-0.50131	0.27591	-0.19726	0.11676	0.087392	-0.80218	0.19471	1	0.038617	-0.31272	0.084697	0.32708	-0.25428	-0.44509	0.12006	-0.42516	0.038617	1	0.014051	-0.88665	0.55395	0.16243	-0.13911	0.32231	-0.50131	-0.31272	0.014051	1	0.086581	-0.24436	0.19711	0.40353	-0.19736	0.27591	0.084697	-0.88665	0.086581	1
