1	0.051744	-0.16039	-0.089995	-0.64303	0.025714	0.3038	0.53711	0.24017	0.051744	1	-0.069469	-0.24391	-0.04494	-0.43151	-0.15699	0.24768	-0.11733	-0.16039	-0.069469	1	-0.23692	0.12472	0.47294	-0.46117	-0.47402	0.31169	-0.089995	-0.24391	-0.23692	1	-0.47167	0.15468	0.01432	-0.2037	-0.64643	-0.64303	-0.04494	0.12472	-0.47167	1	-0.40698	-0.021491	-0.48738	0.41315	0.025714	-0.43151	0.47294	0.15468	-0.40698	1	-0.20547	0.10852	-0.013549	0.3038	-0.15699	-0.46117	0.01432	-0.021491	-0.20547	1	0.07705	0.10775	0.53711	0.24768	-0.47402	-0.2037	-0.48738	0.10852	0.07705	1	-0.086228	0.24017	-0.11733	0.31169	-0.64643	0.41315	-0.013549	0.10775	-0.086228	1
