1	-0.4764	-0.19267	0.088575	-0.68683	-0.1391	-0.086142	0.14367	-0.063955	-0.4764	1	0.097368	0.046149	-0.062909	0.46936	-0.42997	0.08825	-0.44326	-0.19267	0.097368	1	-0.29725	0.08298	0.048685	0.18697	-0.25224	-0.46642	0.088575	0.046149	-0.29725	1	-0.25666	0.16595	0.076869	-0.034889	0.40612	-0.68683	-0.062909	0.08298	-0.25666	1	-0.13627	0.22929	-0.20531	0.39986	-0.1391	0.46936	0.048685	0.16595	-0.13627	1	0.10979	-0.55009	0.041384	-0.086142	-0.42997	0.18697	0.076869	0.22929	0.10979	1	-0.24136	0.51741	0.14367	0.08825	-0.25224	-0.034889	-0.20531	-0.55009	-0.24136	1	-0.32795	-0.063955	-0.44326	-0.46642	0.40612	0.39986	0.041384	0.51741	-0.32795	1
