1	-0.13097	-0.48071	0.37973	0.49457	0.033161	0.52558	0.14377	-0.51593	-0.13097	1	0.56147	0.45379	-0.092814	0.61582	0.09056	-0.18322	0.25268	-0.48071	0.56147	1	0.14237	0.065423	0.14009	-0.66531	0.1209	0.57567	0.37973	0.45379	0.14237	1	0.46315	0.60135	0.36851	0.40964	-0.24234	0.49457	-0.092814	0.065423	0.46315	1	0.10827	0.20271	0.45953	-0.45699	0.033161	0.61582	0.14009	0.60135	0.10827	1	0.29519	-0.15204	-0.37052	0.52558	0.09056	-0.66531	0.36851	0.20271	0.29519	1	-0.12576	-0.58733	0.14377	-0.18322	0.1209	0.40964	0.45953	-0.15204	-0.12576	1	0.10812	-0.51593	0.25268	0.57567	-0.24234	-0.45699	-0.37052	-0.58733	0.10812	1
