1	0.16798	0.14485	0.13693	0.068	0.22068	0.20437	-0.61905	-0.025127	0.16798	1	-0.34447	0.46779	-0.35484	-0.13822	0.19087	-0.32501	0.45766	0.14485	-0.34447	1	0.067784	-0.26109	0.46577	-0.23313	-0.17727	-0.16702	0.13693	0.46779	0.067784	1	0.047242	-0.12102	-0.011055	-0.0562	0.14986	0.068	-0.35484	-0.26109	0.047242	1	-0.15317	-0.064076	0.37448	-0.48704	0.22068	-0.13822	0.46577	-0.12102	-0.15317	1	0.17722	0.073739	0.16831	0.20437	0.19087	-0.23313	-0.011055	-0.064076	0.17722	1	0.20737	0.40099	-0.61905	-0.32501	-0.17727	-0.0562	0.37448	0.073739	0.20737	1	0.14184	-0.025127	0.45766	-0.16702	0.14986	-0.48704	0.16831	0.40099	0.14184	1
