1	0.49506	0.37308	0.112	0.13025	-0.0065677	-0.097753	-0.40019	-0.37383	0.49506	1	0.60634	0.34023	0.29739	-0.10248	0.16621	0.21565	-0.47275	0.37308	0.60634	1	0.48182	0.38916	-0.17198	-0.048464	0.4551	-0.56031	0.112	0.34023	0.48182	1	0.59894	0.36575	-0.13062	0.091082	0.08388	0.13025	0.29739	0.38916	0.59894	1	0.19024	0.30707	0.26155	-0.082316	-0.0065677	-0.10248	-0.17198	0.36575	0.19024	1	-0.19893	-0.41891	0.28408	-0.097753	0.16621	-0.048464	-0.13062	0.30707	-0.19893	1	0.15778	-0.4837	-0.40019	0.21565	0.4551	0.091082	0.26155	-0.41891	0.15778	1	-0.026185	-0.37383	-0.47275	-0.56031	0.08388	-0.082316	0.28408	-0.4837	-0.026185	1
