1	-0.052991	0.23593	-0.26921	0.0127	0.17133	-0.0072616	-0.11809	-0.30319	-0.052991	1	0.17863	0.24059	0.3253	0.086539	-0.45721	-0.031555	0.13381	0.23593	0.17863	1	-0.11553	0.14798	0.054475	-0.53706	-0.45585	0.21323	-0.26921	0.24059	-0.11553	1	0.15638	0.098563	-0.02174	0.086948	0.25152	0.0127	0.3253	0.14798	0.15638	1	0.39728	-0.11684	-0.083721	0.42982	0.17133	0.086539	0.054475	0.098563	0.39728	1	0.052455	0.017482	0.44621	-0.0072616	-0.45721	-0.53706	-0.02174	-0.11684	0.052455	1	0.82837	-0.25031	-0.11809	-0.031555	-0.45585	0.086948	-0.083721	0.017482	0.82837	1	-0.23043	-0.30319	0.13381	0.21323	0.25152	0.42982	0.44621	-0.25031	-0.23043	1
