1	-0.39505	-0.14755	0.2302	0.32734	-0.11554	0.14812	-0.097475	0.20715	-0.39505	1	0.41849	0.27362	-0.51714	0.62098	-0.31795	0.29923	-0.24643	-0.14755	0.41849	1	0.24722	-0.82913	0.70821	-0.68172	0.29625	-0.41843	0.2302	0.27362	0.24722	1	-0.39506	0.21965	-0.40213	-0.11175	-0.12355	0.32734	-0.51714	-0.82913	-0.39506	1	-0.50072	0.44102	0.10385	0.47944	-0.11554	0.62098	0.70821	0.21965	-0.50072	1	-0.54686	0.46125	-0.098832	0.14812	-0.31795	-0.68172	-0.40213	0.44102	-0.54686	1	-0.47156	0.53212	-0.097475	0.29923	0.29625	-0.11175	0.10385	0.46125	-0.47156	1	-0.12252	0.20715	-0.24643	-0.41843	-0.12355	0.47944	-0.098832	0.53212	-0.12252	1
