1	-0.20466	-0.24487	-0.039748	-0.18452	-0.5037	0.31493	-0.076053	-0.084303	-0.20466	1	0.17111	0.057764	0.35702	-0.18652	-0.72531	0.37899	0.007102	-0.24487	0.17111	1	0.33812	0.69961	0.56621	0.13578	-0.40522	0.015504	-0.039748	0.057764	0.33812	1	0.34188	0.083067	0.21555	-0.52471	-0.66811	-0.18452	0.35702	0.69961	0.34188	1	0.57021	-0.34371	-0.30337	-0.24364	-0.5037	-0.18652	0.56621	0.083067	0.57021	1	-0.00030173	-0.26816	0.19383	0.31493	-0.72531	0.13578	0.21555	-0.34371	-0.00030173	1	-0.55911	-0.18005	-0.076053	0.37899	-0.40522	-0.52471	-0.30337	-0.26816	-0.55911	1	0.34736	-0.084303	0.007102	0.015504	-0.66811	-0.24364	0.19383	-0.18005	0.34736	1
