1	-0.13426	-0.14906	-0.50867	0.5498	-0.4106	0.19365	0.3233	0.22195	-0.13426	1	0.067872	0.28508	-0.70957	0.71815	-0.022418	0.64878	0.025455	-0.14906	0.067872	1	-0.14204	0.037104	0.14635	0.16108	0.060192	0.14208	-0.50867	0.28508	-0.14204	1	-0.61796	0.14652	-0.2294	-0.17662	-0.57675	0.5498	-0.70957	0.037104	-0.61796	1	-0.77659	0.12892	-0.10307	0.17731	-0.4106	0.71815	0.14635	0.14652	-0.77659	1	0.0098455	0.28142	0.15531	0.19365	-0.022418	0.16108	-0.2294	0.12892	0.0098455	1	-0.346	0.02783	0.3233	0.64878	0.060192	-0.17662	-0.10307	0.28142	-0.346	1	0.37313	0.22195	0.025455	0.14208	-0.57675	0.17731	0.15531	0.02783	0.37313	1
