1	0.27736	0.057476	-0.015808	-0.52217	0.23611	-0.48253	-0.22592	-0.15403	0.27736	1	-0.10055	-0.10086	-0.18786	0.15528	0.17505	0.39076	0.37583	0.057476	-0.10055	1	0.55033	0.44412	0.61531	0.25558	-0.40282	0.32213	-0.015808	-0.10086	0.55033	1	0.6413	0.89218	0.52139	-0.17494	0.042915	-0.52217	-0.18786	0.44412	0.6413	1	0.54591	0.73327	-0.25034	0.013031	0.23611	0.15528	0.61531	0.89218	0.54591	1	0.4784	-0.23023	0.17843	-0.48253	0.17505	0.25558	0.52139	0.73327	0.4784	1	0.093529	0.34888	-0.22592	0.39076	-0.40282	-0.17494	-0.25034	-0.23023	0.093529	1	0.087481	-0.15403	0.37583	0.32213	0.042915	0.013031	0.17843	0.34888	0.087481	1
