1	0.20627	0.29407	0.084707	0.13332	-0.069206	-0.16118	0.48658	-0.3118	0.20627	1	0.0037045	-0.324	0.033587	0.78889	0.21718	-0.40185	0.19178	0.29407	0.0037045	1	0.084651	0.4396	-0.19247	-0.47765	0.068726	0.15021	0.084707	-0.324	0.084651	1	-0.63104	-0.30577	-0.15301	0.18652	-0.20936	0.13332	0.033587	0.4396	-0.63104	1	0.048363	-0.35623	-0.00045887	0.19477	-0.069206	0.78889	-0.19247	-0.30577	0.048363	1	0.21531	-0.6163	0.36938	-0.16118	0.21718	-0.47765	-0.15301	-0.35623	0.21531	1	-0.13664	0.21432	0.48658	-0.40185	0.068726	0.18652	-0.00045887	-0.6163	-0.13664	1	-0.77855	-0.3118	0.19178	0.15021	-0.20936	0.19477	0.36938	0.21432	-0.77855	1
