1	-0.7665	0.22586	0.30026	-0.32584	-0.054125	-0.65414	0.27775	0.25226	-0.7665	1	-0.15321	-0.48896	0.2227	0.23254	0.47814	0.1277	-0.51908	0.22586	-0.15321	1	-0.19387	0.053157	-0.1502	-0.25912	-0.016271	0.33633	0.30026	-0.48896	-0.19387	1	-0.11478	-0.036346	0.13646	0.10774	0.36798	-0.32584	0.2227	0.053157	-0.11478	1	-0.38444	0.50474	-0.14311	0.14402	-0.054125	0.23254	-0.1502	-0.036346	-0.38444	1	-0.17541	0.62107	-0.40313	-0.65414	0.47814	-0.25912	0.13646	0.50474	-0.17541	1	-0.13419	0.26477	0.27775	0.1277	-0.016271	0.10774	-0.14311	0.62107	-0.13419	1	-0.14702	0.25226	-0.51908	0.33633	0.36798	0.14402	-0.40313	0.26477	-0.14702	1
