1	0.56031	0.30172	0.79156	-0.38755	0.11578	-0.15444	0.30043	0.47378	0.56031	1	0.20285	0.37971	0.11535	-0.048728	-0.41876	0.15308	-0.15127	0.30172	0.20285	1	0.18483	0.21609	0.54656	0.34892	0.29897	0.025708	0.79156	0.37971	0.18483	1	-0.53754	0.25332	0.090809	0.14678	0.36444	-0.38755	0.11535	0.21609	-0.53754	1	0.12887	0.049739	0.052696	-0.6485	0.11578	-0.048728	0.54656	0.25332	0.12887	1	0.26113	0.53209	-0.1859	-0.15444	-0.41876	0.34892	0.090809	0.049739	0.26113	1	-0.46208	0.25471	0.30043	0.15308	0.29897	0.14678	0.052696	0.53209	-0.46208	1	-0.16214	0.47378	-0.15127	0.025708	0.36444	-0.6485	-0.1859	0.25471	-0.16214	1
