1	0.1489	0.035642	0.20439	0.37054	0.20481	0.096759	0.23455	0.13733	0.1489	1	0.35233	-0.026435	0.38768	0.39158	0.23009	-0.14659	-0.28328	0.035642	0.35233	1	0.44508	-0.55498	0.69278	0.384	-0.11201	-0.17921	0.20439	-0.026435	0.44508	1	-0.24413	0.62175	-0.082029	-0.5902	-0.32195	0.37054	0.38768	-0.55498	-0.24413	1	-0.3252	-0.2066	-0.002611	-0.24183	0.20481	0.39158	0.69278	0.62175	-0.3252	1	0.18002	-0.38553	-0.16371	0.096759	0.23009	0.384	-0.082029	-0.2066	0.18002	1	0.30335	-0.038857	0.23455	-0.14659	-0.11201	-0.5902	-0.002611	-0.38553	0.30335	1	0.15696	0.13733	-0.28328	-0.17921	-0.32195	-0.24183	-0.16371	-0.038857	0.15696	1
