1	0.092298	-0.1049	0.6266	-0.5571	0.38414	-0.16008	-0.0093914	-0.59011	0.092298	1	-0.66731	0.42867	-0.65723	-0.28341	-0.16224	0.036074	0.23626	-0.1049	-0.66731	1	-0.65068	0.42991	-0.21723	0.41485	-0.26083	-0.31894	0.6266	0.42867	-0.65068	1	-0.69641	0.28656	-0.16425	0.022671	-0.27936	-0.5571	-0.65723	0.42991	-0.69641	1	0.0023542	0.018697	0.11924	0.35977	0.38414	-0.28341	-0.21723	0.28656	0.0023542	1	-0.69038	0.50613	-0.10014	-0.16008	-0.16224	0.41485	-0.16425	0.018697	-0.69038	1	-0.81879	-0.33275	-0.0093914	0.036074	-0.26083	0.022671	0.11924	0.50613	-0.81879	1	0.063833	-0.59011	0.23626	-0.31894	-0.27936	0.35977	-0.10014	-0.33275	0.063833	1
