1	0.28594	0.0033831	0.57028	0.2932	-0.12679	0.55134	0.52788	0.14456	0.28594	1	0.7601	-0.24604	-0.15202	0.36208	0.17318	0.56332	0.48388	0.0033831	0.7601	1	-0.14508	-0.1477	0.50075	0.17741	0.31079	0.14584	0.57028	-0.24604	-0.14508	1	0.49953	-0.086809	0.49212	0.086707	-0.015652	0.2932	-0.15202	-0.1477	0.49953	1	-0.49912	0.27302	0.22105	-0.091466	-0.12679	0.36208	0.50075	-0.086809	-0.49912	1	-0.42108	-0.0091712	-0.045194	0.55134	0.17318	0.17741	0.49212	0.27302	-0.42108	1	0.36785	0.38608	0.52788	0.56332	0.31079	0.086707	0.22105	-0.0091712	0.36785	1	0.41628	0.14456	0.48388	0.14584	-0.015652	-0.091466	-0.045194	0.38608	0.41628	1
