1	-0.46942	-0.47158	0.07216	0.015477	0.21599	-0.15653	-0.10737	-0.29405	-0.46942	1	0.81144	-0.39561	0.085147	-0.3658	0.15037	-0.10244	-0.15809	-0.47158	0.81144	1	-0.46326	0.21454	-0.19106	0.27341	-0.30419	-0.14248	0.07216	-0.39561	-0.46326	1	-0.11581	0.25063	-0.40509	0.2884	0.42085	0.015477	0.085147	0.21454	-0.11581	1	0.5691	0.54035	0.062528	-0.4949	0.21599	-0.3658	-0.19106	0.25063	0.5691	1	0.40444	-0.31625	-0.56355	-0.15653	0.15037	0.27341	-0.40509	0.54035	0.40444	1	-0.24365	-0.41163	-0.10737	-0.10244	-0.30419	0.2884	0.062528	-0.31625	-0.24365	1	0.38157	-0.29405	-0.15809	-0.14248	0.42085	-0.4949	-0.56355	-0.41163	0.38157	1
