1	-0.39247	0.25615	-0.01675	-0.34123	-0.10387	-0.22711	0.1098	-0.034354	-0.39247	1	-0.4968	0.31046	-0.14195	-0.60355	0.16756	0.33746	-0.10784	0.25615	-0.4968	1	-0.25781	-0.19487	0.64964	-0.12062	0.11728	0.080554	-0.01675	0.31046	-0.25781	1	0.13425	-0.49265	-0.64012	0.22625	0.3965	-0.34123	-0.14195	-0.19487	0.13425	1	0.18601	-0.040314	-0.61394	0.031625	-0.10387	-0.60355	0.64964	-0.49265	0.18601	1	0.13392	-0.10873	-0.27728	-0.22711	0.16756	-0.12062	-0.64012	-0.040314	0.13392	1	-0.31957	-0.24415	0.1098	0.33746	0.11728	0.22625	-0.61394	-0.10873	-0.31957	1	-0.32682	-0.034354	-0.10784	0.080554	0.3965	0.031625	-0.27728	-0.24415	-0.32682	1
