1	0.22163	0.12019	0.18805	-0.47037	-0.086093	0.29102	0.31095	-0.42214	0.22163	1	-0.22668	-0.28385	-0.32247	-0.23621	-0.23214	-0.10141	-0.22194	0.12019	-0.22668	1	0.49413	0.1763	-0.16229	-0.15943	-0.21735	0.35313	0.18805	-0.28385	0.49413	1	-0.092119	0.038249	-0.14097	0.42877	0.36293	-0.47037	-0.32247	0.1763	-0.092119	1	-0.30364	0.23646	-0.4144	0.097305	-0.086093	-0.23621	-0.16229	0.038249	-0.30364	1	0.30335	0.35884	0.24858	0.29102	-0.23214	-0.15943	-0.14097	0.23646	0.30335	1	-0.058963	-0.51754	0.31095	-0.10141	-0.21735	0.42877	-0.4144	0.35884	-0.058963	1	0.2761	-0.42214	-0.22194	0.35313	0.36293	0.097305	0.24858	-0.51754	0.2761	1
