1	0.22525	-0.30625	-0.32183	-0.17098	0.0045806	0.27935	0.048989	0.15267	0.22525	1	-0.40275	-0.17752	-0.35329	-0.61813	-0.34252	-0.68096	0.26081	-0.30625	-0.40275	1	-0.45428	-0.24679	-0.15485	-0.1462	0.52674	0.090313	-0.32183	-0.17752	-0.45428	1	0.22204	0.36961	-0.13986	-0.14807	-0.27146	-0.17098	-0.35329	-0.24679	0.22204	1	0.72816	0.3226	-0.10804	-0.52037	0.0045806	-0.61813	-0.15485	0.36961	0.72816	1	0.29022	0.079385	-0.69188	0.27935	-0.34252	-0.1462	-0.13986	0.3226	0.29022	1	0.45641	-0.15032	0.048989	-0.68096	0.52674	-0.14807	-0.10804	0.079385	0.45641	1	0.11317	0.15267	0.26081	0.090313	-0.27146	-0.52037	-0.69188	-0.15032	0.11317	1
