1	0.27003	-0.24914	0.59943	-0.1507	0.10976	-0.45936	-0.15179	-0.58582	0.27003	1	0.59057	-0.10737	-0.20208	0.17678	0.03154	-0.076304	0.19758	-0.24914	0.59057	1	-0.22669	-0.28843	-0.1927	0.40676	-0.025099	0.27947	0.59943	-0.10737	-0.22669	1	-0.19751	0.040268	-0.25472	-0.045148	-0.53156	-0.1507	-0.20208	-0.28843	-0.19751	1	-0.097883	-0.073532	0.20891	0.41534	0.10976	0.17678	-0.1927	0.040268	-0.097883	1	-0.45361	0.53099	-0.2009	-0.45936	0.03154	0.40676	-0.25472	-0.073532	-0.45361	1	-0.59374	0.4157	-0.15179	-0.076304	-0.025099	-0.045148	0.20891	0.53099	-0.59374	1	0.0040629	-0.58582	0.19758	0.27947	-0.53156	0.41534	-0.2009	0.4157	0.0040629	1
