1	0.23171	0.36224	-0.10272	-0.03487	0.48772	0.23771	0.36834	-0.2596	0.23171	1	0.20304	-0.068659	-0.59648	-0.025757	0.53613	0.65772	0.27306	0.36224	0.20304	1	-0.00032828	-0.37801	0.66378	0.6386	0.19775	0.4171	-0.10272	-0.068659	-0.00032828	1	-0.50817	0.033607	0.19536	-0.065803	0.092093	-0.03487	-0.59648	-0.37801	-0.50817	1	-0.13974	-0.81413	-0.55751	-0.46439	0.48772	-0.025757	0.66378	0.033607	-0.13974	1	0.27989	0.25194	0.29211	0.23771	0.53613	0.6386	0.19536	-0.81413	0.27989	1	0.66093	0.6234	0.36834	0.65772	0.19775	-0.065803	-0.55751	0.25194	0.66093	1	0.24851	-0.2596	0.27306	0.4171	0.092093	-0.46439	0.29211	0.6234	0.24851	1
