1	-0.38806	0.11664	-0.10947	0.71563	-0.17334	-0.024303	0.59029	0.70748	-0.38806	1	-0.27954	0.33236	-0.13187	0.56906	0.49425	-0.11137	-0.32448	0.11664	-0.27954	1	-0.8756	0.047319	0.29028	-0.34774	0.36581	-0.051232	-0.10947	0.33236	-0.8756	1	0.065678	-0.19332	0.053664	-0.19316	0.026668	0.71563	-0.13187	0.047319	0.065678	1	0.19902	0.098981	0.17552	0.55985	-0.17334	0.56906	0.29028	-0.19332	0.19902	1	0.13854	-0.018719	-0.18774	-0.024303	0.49425	-0.34774	0.053664	0.098981	0.13854	1	-0.40549	-0.05054	0.59029	-0.11137	0.36581	-0.19316	0.17552	-0.018719	-0.40549	1	0.30098	0.70748	-0.32448	-0.051232	0.026668	0.55985	-0.18774	-0.05054	0.30098	1
