1	-0.32949	0.5915	-0.20361	-0.018484	0.17718	0.37123	0.13409	0.36513	-0.32949	1	0.28633	0.3205	0.1784	-0.037988	-0.25434	-0.18814	-0.16854	0.5915	0.28633	1	-0.00076746	-0.057109	-0.19922	0.38938	0.036408	0.066787	-0.20361	0.3205	-0.00076746	1	0.17787	0.23504	0.22201	0.33752	-0.33742	-0.018484	0.1784	-0.057109	0.17787	1	-0.29985	-0.15708	0.074502	-0.21462	0.17718	-0.037988	-0.19922	0.23504	-0.29985	1	0.19784	-0.094292	0.37524	0.37123	-0.25434	0.38938	0.22201	-0.15708	0.19784	1	-0.096483	-0.0071993	0.13409	-0.18814	0.036408	0.33752	0.074502	-0.094292	-0.096483	1	-0.49945	0.36513	-0.16854	0.066787	-0.33742	-0.21462	0.37524	-0.0071993	-0.49945	1
