1	0.26091	-0.55273	-0.027971	0.37446	0.10894	-0.24352	-0.21128	-0.55715	0.26091	1	-0.14355	-0.16946	0.47702	0.49364	-0.031518	0.15177	0.060735	-0.55273	-0.14355	1	-0.48285	-0.42959	0.20595	-0.11916	0.69374	0.542	-0.027971	-0.16946	-0.48285	1	0.07504	-0.30073	0.32369	-0.60341	-0.070163	0.37446	0.47702	-0.42959	0.07504	1	0.15014	-0.34251	-0.2204	0.034471	0.10894	0.49364	0.20595	-0.30073	0.15014	1	0.049632	-0.032389	0.12997	-0.24352	-0.031518	-0.11916	0.32369	-0.34251	0.049632	1	-0.46314	-0.19905	-0.21128	0.15177	0.69374	-0.60341	-0.2204	-0.032389	-0.46314	1	0.30329	-0.55715	0.060735	0.542	-0.070163	0.034471	0.12997	-0.19905	0.30329	1
