1	0.0062713	0.055613	0.20272	-0.3066	-0.50174	-0.2495	-0.10216	0.15726	0.0062713	1	-0.062519	-0.61371	-0.42888	0.24684	-0.2217	0.4202	0.092982	0.055613	-0.062519	1	0.11178	0.69364	0.074524	-0.35208	-0.60065	-0.16242	0.20272	-0.61371	0.11178	1	0.23123	0.19445	0.25713	-0.053036	0.15772	-0.3066	-0.42888	0.69364	0.23123	1	0.044595	-0.095768	-0.73022	-0.45574	-0.50174	0.24684	0.074524	0.19445	0.044595	1	0.42281	0.55172	0.10605	-0.2495	-0.2217	-0.35208	0.25713	-0.095768	0.42281	1	0.4267	0.099549	-0.10216	0.4202	-0.60065	-0.053036	-0.73022	0.55172	0.4267	1	0.34113	0.15726	0.092982	-0.16242	0.15772	-0.45574	0.10605	0.099549	0.34113	1
