1	-0.57948	-0.70795	0.041919	0.088608	0.26011	-0.054807	-0.15314	-0.16073	-0.57948	1	0.66077	-0.14872	-0.10984	-0.34653	-0.20679	0.22054	0.10412	-0.70795	0.66077	1	-0.096974	0.024011	-0.53797	-0.18666	0.16968	0.11973	0.041919	-0.14872	-0.096974	1	0.052053	-0.38083	0.64668	-0.61597	0.56772	0.088608	-0.10984	0.024011	0.052053	1	-0.419	0.40928	-0.1274	0.44705	0.26011	-0.34653	-0.53797	-0.38083	-0.419	1	0.014747	0.46049	-0.27885	-0.054807	-0.20679	-0.18666	0.64668	0.40928	0.014747	1	-0.15127	0.77349	-0.15314	0.22054	0.16968	-0.61597	-0.1274	0.46049	-0.15127	1	-0.22192	-0.16073	0.10412	0.11973	0.56772	0.44705	-0.27885	0.77349	-0.22192	1
