1	-0.078373	0.80002	-0.17445	0.6772	0.52323	-0.27223	0.19665	-0.37773	-0.078373	1	-0.1069	-0.075827	-0.48295	0.11606	0.24899	-0.007072	0.16353	0.80002	-0.1069	1	-0.38965	0.64721	0.40662	-0.063715	0.41985	-0.33421	-0.17445	-0.075827	-0.38965	1	-0.066914	0.17118	-0.53456	-0.34309	-0.30504	0.6772	-0.48295	0.64721	-0.066914	1	0.48079	-0.26321	0.23337	-0.28167	0.52323	0.11606	0.40662	0.17118	0.48079	1	-0.22139	0.21726	-0.37846	-0.27223	0.24899	-0.063715	-0.53456	-0.26321	-0.22139	1	0.71327	0.76747	0.19665	-0.007072	0.41985	-0.34309	0.23337	0.21726	0.71327	1	0.41059	-0.37773	0.16353	-0.33421	-0.30504	-0.28167	-0.37846	0.76747	0.41059	1
