1	0.18557	0.59344	0.31841	0.55739	0.49503	0.23017	0.22217	-0.37492	0.18557	1	0.21564	-0.23846	0.33606	0.17712	-0.66854	0.3793	-0.44005	0.59344	0.21564	1	0.48782	-0.010619	0.26467	0.033139	-0.31156	-0.64919	0.31841	-0.23846	0.48782	1	0.03735	0.054291	-0.027621	-0.042474	-0.31578	0.55739	0.33606	-0.010619	0.03735	1	0.28395	-0.0069371	0.73049	-0.16691	0.49503	0.17712	0.26467	0.054291	0.28395	1	0.27526	0.4887	-0.096552	0.23017	-0.66854	0.033139	-0.027621	-0.0069371	0.27526	1	-0.20919	0.41475	0.22217	0.3793	-0.31156	-0.042474	0.73049	0.4887	-0.20919	1	-0.065682	-0.37492	-0.44005	-0.64919	-0.31578	-0.16691	-0.096552	0.41475	-0.065682	1
