1	0.23046	0.4338	0.5196	0.29413	0.21003	0.044161	-0.22028	-0.29427	0.23046	1	0.70989	-0.07048	0.55568	-0.11669	-0.064094	-0.70373	0.4801	0.4338	0.70989	1	0.4538	0.38194	0.004067	-0.30042	-0.58339	0.069682	0.5196	-0.07048	0.4538	1	-0.26132	0.27392	-0.06466	0.043074	-0.69052	0.29413	0.55568	0.38194	-0.26132	1	-0.33795	0.20754	-0.48529	0.15152	0.21003	-0.11669	0.004067	0.27392	-0.33795	1	0.44766	0.58052	-0.31353	0.044161	-0.064094	-0.30042	-0.06466	0.20754	0.44766	1	0.47217	-0.37097	-0.22028	-0.70373	-0.58339	0.043074	-0.48529	0.58052	0.47217	1	-0.51476	-0.29427	0.4801	0.069682	-0.69052	0.15152	-0.31353	-0.37097	-0.51476	1
