1	0.078965	0.010957	-0.19488	0.038322	0.35326	-0.14555	-0.0094282	-0.084483	0.078965	1	-0.32123	0.67316	-0.57804	0.74008	-0.1875	0.36365	0.040678	0.010957	-0.32123	1	-0.15079	0.12941	-0.5189	0.37124	-0.21165	-0.15535	-0.19488	0.67316	-0.15079	1	-0.43429	0.32766	-0.13575	0.24905	0.5909	0.038322	-0.57804	0.12941	-0.43429	1	-0.35634	-0.36827	0.41339	-0.28483	0.35326	0.74008	-0.5189	0.32766	-0.35634	1	-0.42203	0.34704	-0.04944	-0.14555	-0.1875	0.37124	-0.13575	-0.36827	-0.42203	1	-0.58451	-0.056117	-0.0094282	0.36365	-0.21165	0.24905	0.41339	0.34704	-0.58451	1	-0.13859	-0.084483	0.040678	-0.15535	0.5909	-0.28483	-0.04944	-0.056117	-0.13859	1
