1	0.29101	0.12124	0.3537	-0.16236	-0.48056	-0.0079569	-0.045455	0.53891	0.29101	1	0.72824	-0.039898	-0.30021	-0.70959	-0.49101	0.10244	0.25063	0.12124	0.72824	1	0.21442	-0.39591	-0.6572	-0.29323	0.062562	-0.04161	0.3537	-0.039898	0.21442	1	-0.53488	-0.50097	0.5906	-0.61234	-0.10413	-0.16236	-0.30021	-0.39591	-0.53488	1	0.52548	-0.19207	0.39598	0.093838	-0.48056	-0.70959	-0.6572	-0.50097	0.52548	1	-0.080507	0.18162	-0.34944	-0.0079569	-0.49101	-0.29323	0.5906	-0.19207	-0.080507	1	-0.47483	-0.11172	-0.045455	0.10244	0.062562	-0.61234	0.39598	0.18162	-0.47483	1	0.24558	0.53891	0.25063	-0.04161	-0.10413	0.093838	-0.34944	-0.11172	0.24558	1
