1	0.01023	-0.28886	0.11782	-0.14535	0.033483	-0.15964	0.27567	-0.67234	0.01023	1	-0.18037	-0.088574	-0.15261	-0.4209	-0.19657	-0.173	0.03646	-0.28886	-0.18037	1	-0.15398	0.75247	-0.038145	0.47447	-0.35246	-0.085865	0.11782	-0.088574	-0.15398	1	-0.35338	0.098265	0.20606	0.16978	0.37119	-0.14535	-0.15261	0.75247	-0.35338	1	-0.26622	0.29995	-0.27541	-0.40774	0.033483	-0.4209	-0.038145	0.098265	-0.26622	1	0.34314	0.68424	0.1575	-0.15964	-0.19657	0.47447	0.20606	0.29995	0.34314	1	-0.052105	0.052794	0.27567	-0.173	-0.35246	0.16978	-0.27541	0.68424	-0.052105	1	0.017369	-0.67234	0.03646	-0.085865	0.37119	-0.40774	0.1575	0.052794	0.017369	1
