1	0.22923	0.69231	0.12686	0.22867	0.073862	0.0090188	-0.27965	-0.13927	0.22923	1	0.17986	0.33626	0.28273	0.33602	0.33391	0.51193	-0.030012	0.69231	0.17986	1	0.18026	-0.075749	0.17521	0.31612	-0.092106	-0.29008	0.12686	0.33626	0.18026	1	-0.45907	0.3761	0.37866	-0.041483	0.0058106	0.22867	0.28273	-0.075749	-0.45907	1	-0.38832	0.052494	0.12934	0.48424	0.073862	0.33602	0.17521	0.3761	-0.38832	1	-0.29857	0.26796	-0.11573	0.0090188	0.33391	0.31612	0.37866	0.052494	-0.29857	1	0.24691	0.12704	-0.27965	0.51193	-0.092106	-0.041483	0.12934	0.26796	0.24691	1	0.27181	-0.13927	-0.030012	-0.29008	0.0058106	0.48424	-0.11573	0.12704	0.27181	1
