1	-0.12712	0.072618	0.51066	0.55884	-0.10168	0.4615	-0.19414	0.0806	-0.12712	1	0.35909	-0.37958	0.20727	0.054065	0.018665	-0.22178	0.048477	0.072618	0.35909	1	-0.010032	0.00077739	-0.042092	-0.12882	-0.03868	0.26496	0.51066	-0.37958	-0.010032	1	0.53676	-0.1414	0.046176	-0.0030215	0.33134	0.55884	0.20727	0.00077739	0.53676	1	-0.3765	0.56033	-0.062655	0.65116	-0.10168	0.054065	-0.042092	-0.1414	-0.3765	1	-0.15131	-0.078145	-0.70296	0.4615	0.018665	-0.12882	0.046176	0.56033	-0.15131	1	0.081357	0.12619	-0.19414	-0.22178	-0.03868	-0.0030215	-0.062655	-0.078145	0.081357	1	0.056513	0.0806	0.048477	0.26496	0.33134	0.65116	-0.70296	0.12619	0.056513	1
