1	-0.11564	-0.091312	-0.49108	0.37767	-0.48785	0.10144	-0.42987	0.25455	-0.11564	1	-0.56892	0.49284	0.10649	0.3181	-0.067886	0.096419	-0.26511	-0.091312	-0.56892	1	-0.44872	-0.47496	-0.15944	0.563	-0.17573	0.27543	-0.49108	0.49284	-0.44872	1	-0.33666	0.48782	-0.13837	0.59715	-0.44093	0.37767	0.10649	-0.47496	-0.33666	1	-0.19697	-0.6061	-0.17777	0.10296	-0.48785	0.3181	-0.15944	0.48782	-0.19697	1	-0.0029227	-0.046694	-0.4427	0.10144	-0.067886	0.563	-0.13837	-0.6061	-0.0029227	1	-0.073109	-0.098813	-0.42987	0.096419	-0.17573	0.59715	-0.17777	-0.046694	-0.073109	1	-0.34352	0.25455	-0.26511	0.27543	-0.44093	0.10296	-0.4427	-0.098813	-0.34352	1
