1	-0.015661	0.2433	0.26733	0.49295	0.4484	-0.21898	0.43702	0.46154	-0.015661	1	-0.10195	0.27452	-0.043762	-0.58581	-0.37398	0.16916	-0.067799	0.2433	-0.10195	1	0.20041	0.6107	0.33936	-0.13848	-0.077648	0.15492	0.26733	0.27452	0.20041	1	0.44778	-0.058857	-0.22869	-0.31316	0.32087	0.49295	-0.043762	0.6107	0.44778	1	0.42784	-0.45183	-0.014415	0.62739	0.4484	-0.58581	0.33936	-0.058857	0.42784	1	0.19403	0.066538	0.047622	-0.21898	-0.37398	-0.13848	-0.22869	-0.45183	0.19403	1	0.13126	-0.45331	0.43702	0.16916	-0.077648	-0.31316	-0.014415	0.066538	0.13126	1	0.34556	0.46154	-0.067799	0.15492	0.32087	0.62739	0.047622	-0.45331	0.34556	1
