1	-0.035009	0.20082	0.30854	0.45078	-0.036406	-0.46948	-0.11965	0.47252	-0.035009	1	0.26307	0.050627	-0.3091	0.033122	0.25199	-0.222	0.13141	0.20082	0.26307	1	-0.55281	-0.48088	-0.067185	0.22363	-0.3364	0.41538	0.30854	0.050627	-0.55281	1	0.17879	-0.18966	-0.08548	0.20285	-0.29877	0.45078	-0.3091	-0.48088	0.17879	1	0.39394	-0.86957	0.17304	0.29105	-0.036406	0.033122	-0.067185	-0.18966	0.39394	1	-0.55275	-0.067988	0.56608	-0.46948	0.25199	0.22363	-0.08548	-0.86957	-0.55275	1	-0.077789	-0.45181	-0.11965	-0.222	-0.3364	0.20285	0.17304	-0.067988	-0.077789	1	0.054285	0.47252	0.13141	0.41538	-0.29877	0.29105	0.56608	-0.45181	0.054285	1
