1	0.22197	-0.2051	0.36505	0.25674	-0.1169	0.4345	0.082429	-0.010948	0.22197	1	-0.5965	-0.32463	-0.18756	0.1187	0.12478	-0.027193	0.29831	-0.2051	-0.5965	1	0.50046	0.016264	0.16049	-0.42598	-0.10598	-0.36496	0.36505	-0.32463	0.50046	1	0.56655	-0.51326	0.046812	0.11587	-0.285	0.25674	-0.18756	0.016264	0.56655	1	-0.45697	0.3227	0.44372	-0.12064	-0.1169	0.1187	0.16049	-0.51326	-0.45697	1	-0.36779	-0.012537	0.27615	0.4345	0.12478	-0.42598	0.046812	0.3227	-0.36779	1	0.25911	0.44462	0.082429	-0.027193	-0.10598	0.11587	0.44372	-0.012537	0.25911	1	0.10946	-0.010948	0.29831	-0.36496	-0.285	-0.12064	0.27615	0.44462	0.10946	1
