1	-0.50127	0.22927	0.4598	-0.4371	0.10295	-0.17716	-0.19073	0.4018	-0.50127	1	0.062994	-0.12567	0.43628	0.19321	0.40233	-0.088881	-0.36645	0.22927	0.062994	1	-0.14933	0.3501	-0.34841	-0.033778	0.24733	-0.37493	0.4598	-0.12567	-0.14933	1	-0.12472	0.24208	0.4522	-0.4948	0.46899	-0.4371	0.43628	0.3501	-0.12472	1	-0.45698	0.37607	0.29458	-0.21889	0.10295	0.19321	-0.34841	0.24208	-0.45698	1	0.098451	-0.61061	0.38649	-0.17716	0.40233	-0.033778	0.4522	0.37607	0.098451	1	-0.29861	-0.25873	-0.19073	-0.088881	0.24733	-0.4948	0.29458	-0.61061	-0.29861	1	-0.39605	0.4018	-0.36645	-0.37493	0.46899	-0.21889	0.38649	-0.25873	-0.39605	1
