1	0.40218	0.24244	0.094915	-0.08494	0.33768	0.14624	-0.11189	-0.0028167	0.40218	1	0.11313	-0.18622	-0.079167	0.30954	-0.50543	-0.25418	-0.1578	0.24244	0.11313	1	0.54076	0.58628	-0.21055	0.53581	0.56548	-0.027349	0.094915	-0.18622	0.54076	1	0.33453	-0.68604	0.56474	-0.042337	-0.14954	-0.08494	-0.079167	0.58628	0.33453	1	-0.21173	0.48981	0.74523	-0.58803	0.33768	0.30954	-0.21055	-0.68604	-0.21173	1	-0.27044	-0.032135	0.11422	0.14624	-0.50543	0.53581	0.56474	0.48981	-0.27044	1	0.50002	-0.12207	-0.11189	-0.25418	0.56548	-0.042337	0.74523	-0.032135	0.50002	1	-0.087421	-0.0028167	-0.1578	-0.027349	-0.14954	-0.58803	0.11422	-0.12207	-0.087421	1
