1	-0.148	-0.10141	-0.039815	0.3681	0.51849	-0.13222	0.32029	0.62797	-0.148	1	0.27406	0.56258	-0.078101	-0.060108	-0.054577	-0.14927	-0.16741	-0.10141	0.27406	1	0.2586	-0.52561	-0.2423	-0.4143	-0.51001	-0.090745	-0.039815	0.56258	0.2586	1	-0.29112	0.021242	-0.088184	-0.16093	0.0079632	0.3681	-0.078101	-0.52561	-0.29112	1	0.77177	0.040877	0.52719	0.2688	0.51849	-0.060108	-0.2423	0.021242	0.77177	1	-0.40102	0.69094	0.29599	-0.13222	-0.054577	-0.4143	-0.088184	0.040877	-0.40102	1	-0.23099	-0.1264	0.32029	-0.14927	-0.51001	-0.16093	0.52719	0.69094	-0.23099	1	0.18579	0.62797	-0.16741	-0.090745	0.0079632	0.2688	0.29599	-0.1264	0.18579	1
