1	0.17375	0.21494	0.2666	-0.15903	-0.065203	-0.32983	-0.60749	-0.0071964	0.17375	1	0.36887	0.65416	0.67653	-0.18754	-0.0072743	-0.29613	0.28654	0.21494	0.36887	1	0.59178	0.43982	0.44835	0.23772	-0.27081	-0.21805	0.2666	0.65416	0.59178	1	0.61025	0.40248	-0.04452	-0.59976	0.27763	-0.15903	0.67653	0.43982	0.61025	1	0.053661	0.20476	-0.038498	0.022763	-0.065203	-0.18754	0.44835	0.40248	0.053661	1	0.42705	-0.037176	0.16282	-0.32983	-0.0072743	0.23772	-0.04452	0.20476	0.42705	1	0.47887	-0.29083	-0.60749	-0.29613	-0.27081	-0.59976	-0.038498	-0.037176	0.47887	1	-0.19381	-0.0071964	0.28654	-0.21805	0.27763	0.022763	0.16282	-0.29083	-0.19381	1
