1	0.47628	-0.070812	0.65625	-0.45835	0.015141	0.51316	0.52091	-0.35415	0.47628	1	-0.5381	0.45749	-0.50519	0.18503	0.33183	0.055871	-0.38189	-0.070812	-0.5381	1	-0.040975	0.12903	0.58599	-0.38059	0.064201	0.27601	0.65625	0.45749	-0.040975	1	-0.42675	0.26176	0.020775	0.38436	-0.20162	-0.45835	-0.50519	0.12903	-0.42675	1	0.08948	-0.49322	0.18972	4.2009e-05	0.015141	0.18503	0.58599	0.26176	0.08948	1	-0.52659	0.0060047	0.099481	0.51316	0.33183	-0.38059	0.020775	-0.49322	-0.52659	1	0.27868	-0.17411	0.52091	0.055871	0.064201	0.38436	0.18972	0.0060047	0.27868	1	-0.40489	-0.35415	-0.38189	0.27601	-0.20162	4.2009e-05	0.099481	-0.17411	-0.40489	1
