1	-0.020296	0.22923	0.47379	-0.27713	0.34924	-0.1005	-0.28647	0.098642	-0.020296	1	-0.34887	-0.11176	0.13489	0.10135	-0.10251	0.20847	0.20711	0.22923	-0.34887	1	0.31874	-0.42675	0.19923	-0.42026	-0.60105	0.30107	0.47379	-0.11176	0.31874	1	0.12405	0.26321	-0.63814	0.21525	0.082633	-0.27713	0.13489	-0.42675	0.12405	1	-0.39004	0.087459	0.82323	-0.51055	0.34924	0.10135	0.19923	0.26321	-0.39004	1	-0.22156	-0.34396	-0.062259	-0.1005	-0.10251	-0.42026	-0.63814	0.087459	-0.22156	1	-0.033662	-0.42037	-0.28647	0.20847	-0.60105	0.21525	0.82323	-0.34396	-0.033662	1	-0.39297	0.098642	0.20711	0.30107	0.082633	-0.51055	-0.062259	-0.42037	-0.39297	1
