1	-0.47165	0.14048	-0.060364	0.40759	0.33456	0.56755	0.5575	0.35592	-0.47165	1	-0.050228	-0.52153	-0.54053	0.00013782	-0.55527	-0.21375	0.078907	0.14048	-0.050228	1	0.3144	0.47514	-0.22865	0.47274	-0.32908	-0.35459	-0.060364	-0.52153	0.3144	1	0.66137	-0.038681	0.41143	-0.085914	-0.1854	0.40759	-0.54053	0.47514	0.66137	1	-0.20591	0.55653	-0.02437	-0.1792	0.33456	0.00013782	-0.22865	-0.038681	-0.20591	1	0.096658	0.72449	0.62684	0.56755	-0.55527	0.47274	0.41143	0.55653	0.096658	1	0.30565	0.29299	0.5575	-0.21375	-0.32908	-0.085914	-0.02437	0.72449	0.30565	1	0.71557	0.35592	0.078907	-0.35459	-0.1854	-0.1792	0.62684	0.29299	0.71557	1
