1	0.36203	0.17657	0.31991	0.74856	0.18889	0.62226	-0.058922	0.75605	0.36203	1	0.286	0.31454	0.088181	0.13919	0.47264	-0.094349	0.48442	0.17657	0.286	1	0.62207	-0.10345	0.018259	-0.043986	0.037447	0.40804	0.31991	0.31454	0.62207	1	0.070284	-0.29593	0.29532	-0.041391	0.24757	0.74856	0.088181	-0.10345	0.070284	1	0.086222	0.54026	0.19053	0.33551	0.18889	0.13919	0.018259	-0.29593	0.086222	1	-0.067155	0.43702	0.1226	0.62226	0.47264	-0.043986	0.29532	0.54026	-0.067155	1	-0.052886	0.58144	-0.058922	-0.094349	0.037447	-0.041391	0.19053	0.43702	-0.052886	1	-0.14371	0.75605	0.48442	0.40804	0.24757	0.33551	0.1226	0.58144	-0.14371	1
