1	0.40964	0.61089	0.46184	0.044054	0.29925	-0.20535	-0.16216	-0.47134	0.40964	1	-0.034855	0.53922	0.37998	0.23962	-0.11792	-0.13603	-0.46039	0.61089	-0.034855	1	0.090076	-0.026636	0.17212	-0.0068856	-0.2571	-0.20654	0.46184	0.53922	0.090076	1	0.5618	0.20027	-0.018119	0.047535	-0.38099	0.044054	0.37998	-0.026636	0.5618	1	0.50395	-0.16161	0.54083	-0.61675	0.29925	0.23962	0.17212	0.20027	0.50395	1	0.067209	0.17028	-0.46765	-0.20535	-0.11792	-0.0068856	-0.018119	-0.16161	0.067209	1	-0.5513	0.6288	-0.16216	-0.13603	-0.2571	0.047535	0.54083	0.17028	-0.5513	1	-0.51757	-0.47134	-0.46039	-0.20654	-0.38099	-0.61675	-0.46765	0.6288	-0.51757	1
