1	-0.44441	0.1493	0.46679	-0.52166	-0.28887	-0.12057	-0.31891	0.25022	-0.44441	1	0.46048	-0.054396	0.15399	0.020086	-0.011492	0.46458	-0.698	0.1493	0.46048	1	0.60875	-0.030685	-0.26268	0.40191	-0.010652	-0.13027	0.46679	-0.054396	0.60875	1	-0.47127	0.026154	0.11749	-0.25814	0.026046	-0.52166	0.15399	-0.030685	-0.47127	1	0.15385	0.33127	-0.018101	0.062225	-0.28887	0.020086	-0.26268	0.026154	0.15385	1	-0.56847	-0.25586	-0.3984	-0.12057	-0.011492	0.40191	0.11749	0.33127	-0.56847	1	-0.011675	0.55178	-0.31891	0.46458	-0.010652	-0.25814	-0.018101	-0.25586	-0.011675	1	-0.34851	0.25022	-0.698	-0.13027	0.026046	0.062225	-0.3984	0.55178	-0.34851	1
