1	-0.58648	0.22214	-0.18772	-0.18705	-0.26205	0.40201	-0.54629	0.20156	-0.58648	1	0.081292	0.36802	0.017666	0.12534	-0.30417	0.69781	-0.25752	0.22214	0.081292	1	0.18548	0.31871	-0.49552	0.0066663	0.30225	-0.5845	-0.18772	0.36802	0.18548	1	0.04307	0.1091	-0.26122	0.70406	-0.41068	-0.18705	0.017666	0.31871	0.04307	1	0.10827	-0.44421	0.019415	0.0019823	-0.26205	0.12534	-0.49552	0.1091	0.10827	1	-0.62472	0.18085	0.23808	0.40201	-0.30417	0.0066663	-0.26122	-0.44421	-0.62472	1	-0.52359	0.12053	-0.54629	0.69781	0.30225	0.70406	0.019415	0.18085	-0.52359	1	-0.63453	0.20156	-0.25752	-0.5845	-0.41068	0.0019823	0.23808	0.12053	-0.63453	1
