1	0.37159	0.10388	0.10316	0.4818	-0.5957	0.17985	-0.020015	-0.040502	0.37159	1	0.038084	-0.082711	0.47913	0.10758	0.22958	0.196	-0.30125	0.10388	0.038084	1	-0.49313	0.40597	-0.1267	-0.42322	0.05513	-0.44592	0.10316	-0.082711	-0.49313	1	0.096733	-0.36599	0.37627	-0.51602	0.13295	0.4818	0.47913	0.40597	0.096733	1	-0.18237	-0.0045709	0.10987	-0.1936	-0.5957	0.10758	-0.1267	-0.36599	-0.18237	1	0.15753	0.26055	-0.18802	0.17985	0.22958	-0.42322	0.37627	-0.0045709	0.15753	1	-0.38667	-0.12294	-0.020015	0.196	0.05513	-0.51602	0.10987	0.26055	-0.38667	1	0.34667	-0.040502	-0.30125	-0.44592	0.13295	-0.1936	-0.18802	-0.12294	0.34667	1
