1	-0.21155	-0.080914	0.361	0.12536	0.2598	-0.72903	0.22513	-0.23408	-0.21155	1	0.064266	0.031479	0.029623	-0.57348	0.46582	-0.24085	0.24809	-0.080914	0.064266	1	-0.19491	0.31538	-0.16154	-0.20022	-0.20679	0.142	0.361	0.031479	-0.19491	1	0.3589	0.1653	-0.021897	0.46633	-0.42035	0.12536	0.029623	0.31538	0.3589	1	0.36572	0.13766	-0.040875	0.052914	0.2598	-0.57348	-0.16154	0.1653	0.36572	1	-0.11077	-0.20687	0.29343	-0.72903	0.46582	-0.20022	-0.021897	0.13766	-0.11077	1	-0.4162	0.38263	0.22513	-0.24085	-0.20679	0.46633	-0.040875	-0.20687	-0.4162	1	-0.78796	-0.23408	0.24809	0.142	-0.42035	0.052914	0.29343	0.38263	-0.78796	1
