1	-0.15904	0.060928	0.11647	0.19681	0.09107	0.10078	0.1864	0.10434	-0.15904	1	0.11388	-0.49125	-0.13154	-0.23116	0.1411	-0.16989	-0.73615	0.060928	0.11388	1	0.27682	-0.38984	-0.22682	-0.55421	-0.31519	-0.35039	0.11647	-0.49125	0.27682	1	-0.43502	0.64094	-0.258	0.37008	0.69811	0.19681	-0.13154	-0.38984	-0.43502	1	0.019399	0.45407	0.28309	-0.028268	0.09107	-0.23116	-0.22682	0.64094	0.019399	1	0.24473	0.70288	0.65436	0.10078	0.1411	-0.55421	-0.258	0.45407	0.24473	1	0.37322	0.054402	0.1864	-0.16989	-0.31519	0.37008	0.28309	0.70288	0.37322	1	0.41057	0.10434	-0.73615	-0.35039	0.69811	-0.028268	0.65436	0.054402	0.41057	1
