1	-0.122	-0.0065276	0.38876	-0.1969	0.1925	-0.06575	0.43804	-0.23758	-0.122	1	0.43668	-0.38051	-0.42318	-0.43973	-0.4564	-0.073055	0.4417	-0.0065276	0.43668	1	-0.13225	0.30923	-0.29399	-0.47025	0.036783	0.4725	0.38876	-0.38051	-0.13225	1	0.29785	0.80077	0.69416	0.039407	-0.81086	-0.1969	-0.42318	0.30923	0.29785	1	0.17757	0.41974	-0.029456	-0.25067	0.1925	-0.43973	-0.29399	0.80077	0.17757	1	0.75532	-0.1736	-0.71126	-0.06575	-0.4564	-0.47025	0.69416	0.41974	0.75532	1	-0.28021	-0.85588	0.43804	-0.073055	0.036783	0.039407	-0.029456	-0.1736	-0.28021	1	0.052468	-0.23758	0.4417	0.4725	-0.81086	-0.25067	-0.71126	-0.85588	0.052468	1
