1	0.047487	0.64952	-0.25916	0.12612	0.20712	0.47155	-0.4351	0.14162	0.047487	1	-0.24199	-0.79581	0.3211	-0.54835	0.27521	-0.63518	0.17081	0.64952	-0.24199	1	-0.034925	0.21149	0.69302	0.11014	-0.0064569	0.069584	-0.25916	-0.79581	-0.034925	1	-0.43466	0.22913	-0.069608	0.56251	0.040162	0.12612	0.3211	0.21149	-0.43466	1	0.13138	-0.15051	0.0029561	0.31743	0.20712	-0.54835	0.69302	0.22913	0.13138	1	-0.33298	0.354	-0.21817	0.47155	0.27521	0.11014	-0.069608	-0.15051	-0.33298	1	-0.28916	0.31999	-0.4351	-0.63518	-0.0064569	0.56251	0.0029561	0.354	-0.28916	1	-0.4651	0.14162	0.17081	0.069584	0.040162	0.31743	-0.21817	0.31999	-0.4651	1
