1	0.25867	0.016743	-0.16015	-0.24696	-0.23294	0.10113	0.11166	-0.23989	0.25867	1	0.21644	-0.0070207	0.090982	0.39952	0.32496	0.68802	0.46381	0.016743	0.21644	1	0.28078	0.020668	0.28497	0.23528	0.44539	0.61479	-0.16015	-0.0070207	0.28078	1	-0.38809	-0.22337	-0.17101	-0.12932	0.2801	-0.24696	0.090982	0.020668	-0.38809	1	0.701	0.53938	0.28046	0.36636	-0.23294	0.39952	0.28497	-0.22337	0.701	1	0.65135	0.53755	0.59014	0.10113	0.32496	0.23528	-0.17101	0.53938	0.65135	1	0.59083	0.51248	0.11166	0.68802	0.44539	-0.12932	0.28046	0.53755	0.59083	1	0.70725	-0.23989	0.46381	0.61479	0.2801	0.36636	0.59014	0.51248	0.70725	1
