1	0.099924	-0.19522	0.063633	0.1517	0.10936	-0.093082	-0.282	0.71143	0.099924	1	0.39512	0.17136	0.33602	0.066772	-0.53027	-0.3326	0.22794	-0.19522	0.39512	1	0.043789	0.46188	-0.069661	-0.23916	0.026421	0.1077	0.063633	0.17136	0.043789	1	-0.1932	-8.6884e-05	-0.077275	0.34345	-0.084877	0.1517	0.33602	0.46188	-0.1932	1	0.098796	-0.54161	-0.41826	0.19659	0.10936	0.066772	-0.069661	-8.6884e-05	0.098796	1	-0.29245	-0.22491	-0.15373	-0.093082	-0.53027	-0.23916	-0.077275	-0.54161	-0.29245	1	0.57696	-0.16588	-0.282	-0.3326	0.026421	0.34345	-0.41826	-0.22491	0.57696	1	-0.43264	0.71143	0.22794	0.1077	-0.084877	0.19659	-0.15373	-0.16588	-0.43264	1
