1	0.56028	-0.040762	-0.17786	-0.043369	0.26152	-0.11916	-0.20788	0.49231	0.56028	1	0.10065	0.031611	-0.21102	0.59144	-0.14303	-0.23884	0.52413	-0.040762	0.10065	1	-0.67034	-0.16261	0.043382	0.051588	-0.40823	-0.57025	-0.17786	0.031611	-0.67034	1	0.22123	0.3934	-0.1787	0.49732	0.57046	-0.043369	-0.21102	-0.16261	0.22123	1	-0.24491	0.29535	0.39074	-0.058382	0.26152	0.59144	0.043382	0.3934	-0.24491	1	-0.22046	0.11135	0.42327	-0.11916	-0.14303	0.051588	-0.1787	0.29535	-0.22046	1	-0.32227	-0.50903	-0.20788	-0.23884	-0.40823	0.49732	0.39074	0.11135	-0.32227	1	0.34791	0.49231	0.52413	-0.57025	0.57046	-0.058382	0.42327	-0.50903	0.34791	1
