1	-0.21542	-0.28315	-0.35825	0.49152	0.37307	0.42373	-0.54447	0.041264	-0.21542	1	0.040891	0.81272	-0.50027	-0.37876	-0.40127	0.051776	0.45427	-0.28315	0.040891	1	0.10325	0.18277	0.05308	0.47677	-0.11694	-0.045567	-0.35825	0.81272	0.10325	1	-0.33374	-0.15607	-0.31996	0.11802	0.32876	0.49152	-0.50027	0.18277	-0.33374	1	0.16749	0.75879	-0.34728	5.1035e-05	0.37307	-0.37876	0.05308	-0.15607	0.16749	1	0.24851	0.013016	-0.12202	0.42373	-0.40127	0.47677	-0.31996	0.75879	0.24851	1	-0.17357	-0.051057	-0.54447	0.051776	-0.11694	0.11802	-0.34728	0.013016	-0.17357	1	0.077106	0.041264	0.45427	-0.045567	0.32876	5.1035e-05	-0.12202	-0.051057	0.077106	1
