1	0.65896	-0.30527	0.14378	-0.33673	0.16752	-0.37395	-0.061272	-0.03923	0.65896	1	-0.21013	-0.24943	-0.39322	0.0001228	-0.41902	-0.27257	-0.1388	-0.30527	-0.21013	1	-0.27905	0.61054	-0.18394	0.082667	0.013648	0.022387	0.14378	-0.24943	-0.27905	1	0.014112	0.75553	-0.015819	-0.015718	0.69752	-0.33673	-0.39322	0.61054	0.014112	1	0.13587	-0.32051	0.090675	0.36155	0.16752	0.0001228	-0.18394	0.75553	0.13587	1	-0.25874	0.23613	0.76666	-0.37395	-0.41902	0.082667	-0.015819	-0.32051	-0.25874	1	0.42339	-0.1866	-0.061272	-0.27257	0.013648	-0.015718	0.090675	0.23613	0.42339	1	0.0267	-0.03923	-0.1388	0.022387	0.69752	0.36155	0.76666	-0.1866	0.0267	1
