1	-0.35646	0.5819	0.39106	0.054578	0.24926	0.44659	0.11648	0.0051738	-0.35646	1	-0.59062	-0.41223	0.76789	-0.76814	-0.25627	-0.24455	0.1822	0.5819	-0.59062	1	0.32607	-0.339	0.29257	0.71833	-0.13692	0.22789	0.39106	-0.41223	0.32607	1	-0.39318	0.1334	0.25138	0.52812	0.028926	0.054578	0.76789	-0.339	-0.39318	1	-0.53147	-0.20055	-0.36257	-0.15956	0.24926	-0.76814	0.29257	0.1334	-0.53147	1	-0.10888	0.12163	-0.27197	0.44659	-0.25627	0.71833	0.25138	-0.20055	-0.10888	1	0.10666	0.43986	0.11648	-0.24455	-0.13692	0.52812	-0.36257	0.12163	0.10666	1	0.087549	0.0051738	0.1822	0.22789	0.028926	-0.15956	-0.27197	0.43986	0.087549	1
