1	0.11303	-0.12292	0.22363	-0.53256	-0.4719	0.090904	0.22713	-0.44137	0.11303	1	-0.12765	-0.43482	0.23921	0.48829	-0.248	0.30994	-0.35099	-0.12292	-0.12765	1	0.34865	0.056795	-0.041315	0.83176	-0.27593	-0.46226	0.22363	-0.43482	0.34865	1	-0.19578	-0.52881	0.59759	-0.39025	-0.25986	-0.53256	0.23921	0.056795	-0.19578	1	0.53194	-0.15038	0.27191	0.29764	-0.4719	0.48829	-0.041315	-0.52881	0.53194	1	-0.26146	0.041186	0.32875	0.090904	-0.248	0.83176	0.59759	-0.15038	-0.26146	1	-0.48502	-0.57668	0.22713	0.30994	-0.27593	-0.39025	0.27191	0.041186	-0.48502	1	0.18793	-0.44137	-0.35099	-0.46226	-0.25986	0.29764	0.32875	-0.57668	0.18793	1
