1	0.48791	0.48352	-0.21223	-0.40549	-0.40003	-0.22808	0.37307	0.17223	0.48791	1	0.26806	-0.51396	-0.18767	-0.33985	-0.52599	0.066163	0.52484	0.48352	0.26806	1	0.40621	-0.23396	-0.55392	0.3235	0.48758	0.29639	-0.21223	-0.51396	0.40621	1	0.24152	-0.19132	0.7131	0.28622	-0.33688	-0.40549	-0.18767	-0.23396	0.24152	1	0.022296	0.1057	-0.13769	-0.39532	-0.40003	-0.33985	-0.55392	-0.19132	0.022296	1	0.12182	-0.19618	-0.32801	-0.22808	-0.52599	0.3235	0.7131	0.1057	0.12182	1	0.09714	-0.48051	0.37307	0.066163	0.48758	0.28622	-0.13769	-0.19618	0.09714	1	0.45048	0.17223	0.52484	0.29639	-0.33688	-0.39532	-0.32801	-0.48051	0.45048	1
