1	0.46561	0.31697	0.23186	0.13879	-0.0025052	0.54768	0.02407	-0.23134	0.46561	1	0.48757	0.67975	0.29824	0.34856	0.13994	-0.28786	-0.40502	0.31697	0.48757	1	0.66513	0.29878	0.13044	0.38394	-0.2029	-0.1517	0.23186	0.67975	0.66513	1	0.10977	-0.055167	0.01995	-0.34612	-0.039298	0.13879	0.29824	0.29878	0.10977	1	-0.049063	-0.1528	-0.57931	-0.84555	-0.0025052	0.34856	0.13044	-0.055167	-0.049063	1	0.3369	0.29574	-0.03221	0.54768	0.13994	0.38394	0.01995	-0.1528	0.3369	1	0.26538	0.057235	0.02407	-0.28786	-0.2029	-0.34612	-0.57931	0.29574	0.26538	1	0.52599	-0.23134	-0.40502	-0.1517	-0.039298	-0.84555	-0.03221	0.057235	0.52599	1
