1	-0.014175	-0.12908	0.40334	-0.26885	0.088774	-0.13855	-0.72448	0.33391	-0.014175	1	-0.22278	-0.036257	0.0092771	0.050323	-0.17924	-0.2021	0.30639	-0.12908	-0.22278	1	0.20272	0.12341	-0.057404	-0.054023	-0.1671	0.32455	0.40334	-0.036257	0.20272	1	0.21099	-0.02824	-0.38229	-0.24046	0.31226	-0.26885	0.0092771	0.12341	0.21099	1	-0.067626	0.14381	0.41913	-0.14674	0.088774	0.050323	-0.057404	-0.02824	-0.067626	1	0.19553	-0.20889	-0.45447	-0.13855	-0.17924	-0.054023	-0.38229	0.14381	0.19553	1	0.011883	-0.42959	-0.72448	-0.2021	-0.1671	-0.24046	0.41913	-0.20889	0.011883	1	-0.28774	0.33391	0.30639	0.32455	0.31226	-0.14674	-0.45447	-0.42959	-0.28774	1
