1	-0.25012	-0.21242	0.54662	0.38342	0.38791	0.21053	0.13396	-0.077301	-0.25012	1	0.30438	-0.17914	0.29749	0.47316	-0.22431	-0.045424	0.30867	-0.21242	0.30438	1	-0.21277	-0.17075	0.19863	-0.46001	0.49326	0.66399	0.54662	-0.17914	-0.21277	1	0.40227	-0.016333	0.30743	0.46042	0.29049	0.38342	0.29749	-0.17075	0.40227	1	0.38824	0.098497	0.024579	-0.075527	0.38791	0.47316	0.19863	-0.016333	0.38824	1	-0.11496	0.047502	-0.065155	0.21053	-0.22431	-0.46001	0.30743	0.098497	-0.11496	1	-0.22217	-0.35304	0.13396	-0.045424	0.49326	0.46042	0.024579	0.047502	-0.22217	1	0.77442	-0.077301	0.30867	0.66399	0.29049	-0.075527	-0.065155	-0.35304	0.77442	1
