1	-0.13334	0.37914	0.32794	-0.14272	0.087429	0.15643	-0.016361	-0.31149	-0.13334	1	0.013631	0.22687	0.022831	-0.042763	-0.14482	-0.49687	0.18762	0.37914	0.013631	1	0.75216	-0.42697	-0.21658	-0.42019	-0.13431	0.3287	0.32794	0.22687	0.75216	1	-0.34312	-0.123	-0.6927	-0.41102	0.24837	-0.14272	0.022831	-0.42697	-0.34312	1	0.80762	-0.051804	-0.0084763	-0.15153	0.087429	-0.042763	-0.21658	-0.123	0.80762	1	-0.28496	-0.12736	-0.20379	0.15643	-0.14482	-0.42019	-0.6927	-0.051804	-0.28496	1	0.51239	-0.36542	-0.016361	-0.49687	-0.13431	-0.41102	-0.0084763	-0.12736	0.51239	1	0.17869	-0.31149	0.18762	0.3287	0.24837	-0.15153	-0.20379	-0.36542	0.17869	1
