1	0.36575	0.19032	-0.13476	-0.31174	-0.17573	-0.074981	0.7392	0.67497	0.36575	1	0.011414	-0.11681	-0.55438	-0.24645	-0.10065	0.35983	0.71339	0.19032	0.011414	1	0.21326	-0.53661	0.049794	0.31381	0.48303	0.31175	-0.13476	-0.11681	0.21326	1	-0.25057	0.52877	-0.2943	0.26202	-0.079797	-0.31174	-0.55438	-0.53661	-0.25057	1	0.27846	-0.03084	-0.55547	-0.76786	-0.17573	-0.24645	0.049794	0.52877	0.27846	1	-0.24981	-0.10676	-0.35646	-0.074981	-0.10065	0.31381	-0.2943	-0.03084	-0.24981	1	0.088572	0.071218	0.7392	0.35983	0.48303	0.26202	-0.55547	-0.10676	0.088572	1	0.78812	0.67497	0.71339	0.31175	-0.079797	-0.76786	-0.35646	0.071218	0.78812	1
