1	0.19417	-0.44228	0.29391	-0.26285	-0.064312	0.32909	0.051537	-0.05536	0.19417	1	0.37313	0.58841	-0.32386	0.42014	0.084356	-0.066911	-0.42241	-0.44228	0.37313	1	0.49196	-0.077565	0.35891	-0.33869	-0.17498	-0.38722	0.29391	0.58841	0.49196	1	-0.34993	-0.013099	-0.14998	0.023697	-0.7379	-0.26285	-0.32386	-0.077565	-0.34993	1	-0.27912	0.42134	0.04576	0.34256	-0.064312	0.42014	0.35891	-0.013099	-0.27912	1	-0.29007	-0.3329	0.014764	0.32909	0.084356	-0.33869	-0.14998	0.42134	-0.29007	1	0.47779	0.36118	0.051537	-0.066911	-0.17498	0.023697	0.04576	-0.3329	0.47779	1	0.14398	-0.05536	-0.42241	-0.38722	-0.7379	0.34256	0.014764	0.36118	0.14398	1
