1	0.51607	-0.04211	0.053651	-0.15434	0.42714	0.082778	-0.39197	-0.30305	0.51607	1	0.30852	0.024774	-0.53422	0.40133	0.031676	0.1928	-0.3877	-0.04211	0.30852	1	0.058684	-0.19134	0.29275	0.46365	-0.05934	0.25472	0.053651	0.024774	0.058684	1	0.2453	-0.16734	-0.29907	0.29576	-0.51019	-0.15434	-0.53422	-0.19134	0.2453	1	-0.66564	0.044837	-0.11644	-0.039786	0.42714	0.40133	0.29275	-0.16734	-0.66564	1	0.16022	0.044979	-0.026035	0.082778	0.031676	0.46365	-0.29907	0.044837	0.16022	1	-0.14444	0.73007	-0.39197	0.1928	-0.05934	0.29576	-0.11644	0.044979	-0.14444	1	-0.29669	-0.30305	-0.3877	0.25472	-0.51019	-0.039786	-0.026035	0.73007	-0.29669	1
