1	-0.09962	-0.0066108	-0.1547	0.073958	0.41227	0.14398	-0.56799	-0.12006	-0.09962	1	-0.1202	0.21671	-0.43472	-0.13841	-0.40732	0.068657	-0.083117	-0.0066108	-0.1202	1	-0.41113	0.13772	0.11805	0.28023	0.18001	0.62118	-0.1547	0.21671	-0.41113	1	0.33622	0.35121	-0.58381	0.26978	-0.33846	0.073958	-0.43472	0.13772	0.33622	1	0.32159	0.031342	0.42748	-0.13523	0.41227	-0.13841	0.11805	0.35121	0.32159	1	0.040269	-0.25612	0.39178	0.14398	-0.40732	0.28023	-0.58381	0.031342	0.040269	1	-0.46246	0.3887	-0.56799	0.068657	0.18001	0.26978	0.42748	-0.25612	-0.46246	1	-0.21573	-0.12006	-0.083117	0.62118	-0.33846	-0.13523	0.39178	0.3887	-0.21573	1
