1	0.62503	0.62888	0.28473	0.41818	0.1756	0.26097	0.60302	-0.20813	0.62503	1	0.92116	0.60465	0.72344	0.52595	0.66951	0.90035	-0.66004	0.62888	0.92116	1	0.55105	0.67064	0.38624	0.64938	0.9594	-0.66106	0.28473	0.60465	0.55105	1	0.85441	0.68171	0.48994	0.57518	-0.50791	0.41818	0.72344	0.67064	0.85441	1	0.83066	0.70585	0.73325	-0.7733	0.1756	0.52595	0.38624	0.68171	0.83066	1	0.69636	0.50449	-0.69592	0.26097	0.66951	0.64938	0.48994	0.70585	0.69636	1	0.68895	-0.96238	0.60302	0.90035	0.9594	0.57518	0.73325	0.50449	0.68895	1	-0.69253	-0.20813	-0.66004	-0.66106	-0.50791	-0.7733	-0.69592	-0.96238	-0.69253	1
