1	0.80927	0.4506	0.54858	0.65908	0.60901	-0.057043	0.09574	-0.17603	0.80927	1	0.046322	0.23597	0.40281	0.36288	-0.31454	-0.12418	-0.039446	0.4506	0.046322	1	0.76595	0.76201	0.65172	0.53419	0.54392	-0.61798	0.54858	0.23597	0.76595	1	0.97239	0.78399	0.21113	0.29921	-0.19222	0.65908	0.40281	0.76201	0.97239	1	0.84364	0.13007	0.26883	-0.23526	0.60901	0.36288	0.65172	0.78399	0.84364	1	0.25414	0.44244	-0.25272	-0.057043	-0.31454	0.53419	0.21113	0.13007	0.25414	1	0.93736	-0.70407	0.09574	-0.12418	0.54392	0.29921	0.26883	0.44244	0.93736	1	-0.65701	-0.17603	-0.039446	-0.61798	-0.19222	-0.23526	-0.25272	-0.70407	-0.65701	1
