1	0.56108	0.68281	0.40186	0.54695	0.6871	0.25684	0.42275	-0.76419	0.56108	1	0.098311	0.50966	0.54154	0.4696	0.12505	-0.13046	-0.3518	0.68281	0.098311	1	0.5992	0.67761	0.6864	0.16618	0.22461	-0.69952	0.40186	0.50966	0.5992	1	0.961	0.8402	0.1041	-0.20088	-0.36419	0.54695	0.54154	0.67761	0.961	1	0.9222	0.021067	-0.12707	-0.5094	0.6871	0.4696	0.6864	0.8402	0.9222	1	-0.0071861	0.0083877	-0.55103	0.25684	0.12505	0.16618	0.1041	0.021067	-0.0071861	1	0.70033	-0.31992	0.42275	-0.13046	0.22461	-0.20088	-0.12707	0.0083877	0.70033	1	-0.47361	-0.76419	-0.3518	-0.69952	-0.36419	-0.5094	-0.55103	-0.31992	-0.47361	1
