1	0.16206	-0.028626	0.49478	0.3214	-0.082126	0.18416	-0.062118	-0.028578	0.16206	1	-0.47906	0.048912	0.1197	0.12679	-0.16562	-0.57476	-0.017867	-0.028626	-0.47906	1	0.47213	0.50698	-0.31469	0.092982	0.18781	0.08912	0.49478	0.048912	0.47213	1	0.45912	-0.40955	-0.17374	0.13602	-0.16544	0.3214	0.1197	0.50698	0.45912	1	0.0057555	-0.39207	-0.27715	0.29813	-0.082126	0.12679	-0.31469	-0.40955	0.0057555	1	-0.17084	-0.067927	0.7584	0.18416	-0.16562	0.092982	-0.17374	-0.39207	-0.17084	1	-0.039044	-0.3533	-0.062118	-0.57476	0.18781	0.13602	-0.27715	-0.067927	-0.039044	1	0.12215	-0.028578	-0.017867	0.08912	-0.16544	0.29813	0.7584	-0.3533	0.12215	1
