1	0.25533	-0.041465	0.3184	-0.58786	-0.20856	-0.44785	0.2987	0.22418	0.25533	1	0.2102	-0.33228	0.21485	0.34745	0.22995	-0.06295	-0.49975	-0.041465	0.2102	1	-0.16	0.127	0.38091	0.68121	-0.39759	-0.45528	0.3184	-0.33228	-0.16	1	-0.21438	-0.46415	-0.38164	0.37853	0.4394	-0.58786	0.21485	0.127	-0.21438	1	0.19809	0.65828	0.029605	0.025012	-0.20856	0.34745	0.38091	-0.46415	0.19809	1	0.42531	0.15616	-0.32572	-0.44785	0.22995	0.68121	-0.38164	0.65828	0.42531	1	-0.18292	-0.27756	0.2987	-0.06295	-0.39759	0.37853	0.029605	0.15616	-0.18292	1	0.42358	0.22418	-0.49975	-0.45528	0.4394	0.025012	-0.32572	-0.27756	0.42358	1
