1	-0.043555	0.19418	-0.2799	0.37138	-0.027536	0.17208	-0.048049	-0.038847	-0.043555	1	-0.05893	-0.20581	0.0081217	0.4619	0.65928	-0.099513	0.49067	0.19418	-0.05893	1	-0.087085	0.51392	0.12853	-0.39206	-0.026718	0.34702	-0.2799	-0.20581	-0.087085	1	-0.60528	-0.51034	-0.17358	-0.34153	-0.085706	0.37138	0.0081217	0.51392	-0.60528	1	0.40333	0.04139	0.16757	-0.11669	-0.027536	0.4619	0.12853	-0.51034	0.40333	1	0.51973	0.51267	0.071226	0.17208	0.65928	-0.39206	-0.17358	0.04139	0.51973	1	0.18325	0.0019113	-0.048049	-0.099513	-0.026718	-0.34153	0.16757	0.51267	0.18325	1	-0.12493	-0.038847	0.49067	0.34702	-0.085706	-0.11669	0.071226	0.0019113	-0.12493	1
