1	0.052289	0.18815	-0.12289	-0.097225	-0.17473	0.41577	-0.034152	0.33449	0.052289	1	0.016338	-0.20096	-0.55319	0.13424	0.56263	0.16816	-0.24783	0.18815	0.016338	1	0.28736	0.072003	0.16637	-0.26085	-0.5463	0.53612	-0.12289	-0.20096	0.28736	1	-0.12532	0.27734	-0.40856	0.25344	0.20045	-0.097225	-0.55319	0.072003	-0.12532	1	-0.56906	-0.6715	-0.03859	0.052786	-0.17473	0.13424	0.16637	0.27734	-0.56906	1	0.23034	-0.24954	-0.10282	0.41577	0.56263	-0.26085	-0.40856	-0.6715	0.23034	1	-0.073175	-0.00036876	-0.034152	0.16816	-0.5463	0.25344	-0.03859	-0.24954	-0.073175	1	-0.46749	0.33449	-0.24783	0.53612	0.20045	0.052786	-0.10282	-0.00036876	-0.46749	1
