1	0.023069	-0.15905	-0.74129	-0.1441	0.50341	0.14239	0.43399	0.14583	0.023069	1	-0.21426	-0.24903	-0.41944	0.23456	0.16206	0.4689	-0.44875	-0.15905	-0.21426	1	0.083481	-0.3242	-0.38105	0.36497	-0.20234	0.22824	-0.74129	-0.24903	0.083481	1	0.40369	-0.24722	0.00025437	-0.3932	0.28183	-0.1441	-0.41944	-0.3242	0.40369	1	-0.14566	-0.53898	-0.30018	0.28158	0.50341	0.23456	-0.38105	-0.24722	-0.14566	1	0.5477	0.21726	-0.072667	0.14239	0.16206	0.36497	0.00025437	-0.53898	0.5477	1	0.1488	-0.033889	0.43399	0.4689	-0.20234	-0.3932	-0.30018	0.21726	0.1488	1	0.25037	0.14583	-0.44875	0.22824	0.28183	0.28158	-0.072667	-0.033889	0.25037	1
