1	0.085496	-0.36212	-0.13886	0.21418	0.37836	-0.042849	-0.2411	-0.25732	0.085496	1	0.16034	-0.27055	0.44944	-0.39215	-0.72157	0.21945	0.34322	-0.36212	0.16034	1	-0.19183	-0.35908	-0.80471	-0.16912	0.47082	-0.015733	-0.13886	-0.27055	-0.19183	1	-0.10423	0.37879	0.61252	0.029962	-0.0028425	0.21418	0.44944	-0.35908	-0.10423	1	-0.16791	-0.57297	-0.21169	0.31519	0.37836	-0.39215	-0.80471	0.37879	-0.16791	1	0.53057	-0.37323	-0.23024	-0.042849	-0.72157	-0.16912	0.61252	-0.57297	0.53057	1	-0.015427	-0.33603	-0.2411	0.21945	0.47082	0.029962	-0.21169	-0.37323	-0.015427	1	0.18141	-0.25732	0.34322	-0.015733	-0.0028425	0.31519	-0.23024	-0.33603	0.18141	1
