1	-0.16403	-0.22947	0.48694	-0.039266	-0.23833	-0.23869	0.14106	0.14033	-0.16403	1	0.19741	0.055112	0.11217	-0.19109	0.34129	-0.0034405	0.38816	-0.22947	0.19741	1	-0.039575	0.26369	0.25617	-0.38339	-0.36034	0.65955	0.48694	0.055112	-0.039575	1	0.27236	-0.064923	-0.026433	0.040921	0.133	-0.039266	0.11217	0.26369	0.27236	1	0.43013	-0.51315	-0.51223	0.24516	-0.23833	-0.19109	0.25617	-0.064923	0.43013	1	-0.23699	0.31264	0.021594	-0.23869	0.34129	-0.38339	-0.026433	-0.51315	-0.23699	1	0.42579	-0.23677	0.14106	-0.0034405	-0.36034	0.040921	-0.51223	0.31264	0.42579	1	-0.33518	0.14033	0.38816	0.65955	0.133	0.24516	0.021594	-0.23677	-0.33518	1
