1	0.51717	0.48337	0.22581	0.073375	0.24735	0.13463	-0.2564	-0.029443	0.51717	1	0.56005	-0.29608	0.19275	-0.19901	-0.12993	0.4411	-0.050844	0.48337	0.56005	1	0.16465	0.32069	0.0044863	0.015546	0.022051	-0.048869	0.22581	-0.29608	0.16465	1	-0.08526	0.14009	-0.021862	-0.44524	0.22497	0.073375	0.19275	0.32069	-0.08526	1	-0.51672	0.48001	-0.23894	0.62229	0.24735	-0.19901	0.0044863	0.14009	-0.51672	1	-0.072573	-0.42899	-0.73504	0.13463	-0.12993	0.015546	-0.021862	0.48001	-0.072573	1	-0.45362	0.4466	-0.2564	0.4411	0.022051	-0.44524	-0.23894	-0.42899	-0.45362	1	-0.16702	-0.029443	-0.050844	-0.048869	0.22497	0.62229	-0.73504	0.4466	-0.16702	1
