1	0.0035655	-0.091819	0.68438	-0.094565	0.052808	-0.18024	0.4029	0.38253	0.0035655	1	-0.18859	-0.23227	-0.88196	0.38568	-0.38376	-0.037846	0.032614	-0.091819	-0.18859	1	0.19723	0.18211	-0.2778	0.0023665	-0.075678	0.43616	0.68438	-0.23227	0.19723	1	0.077778	0.26897	0.30835	0.021216	0.18454	-0.094565	-0.88196	0.18211	0.077778	1	-0.50941	0.092577	0.3309	0.043029	0.052808	0.38568	-0.2778	0.26897	-0.50941	1	0.2626	-0.50573	-0.14939	-0.18024	-0.38376	0.0023665	0.30835	0.092577	0.2626	1	-0.60434	-0.30628	0.4029	-0.037846	-0.075678	0.021216	0.3309	-0.50573	-0.60434	1	0.10828	0.38253	0.032614	0.43616	0.18454	0.043029	-0.14939	-0.30628	0.10828	1
