1	-0.0077664	-0.16173	-0.31241	-0.004289	0.017528	0.10141	-0.0019741	0.24917	-0.0077664	1	0.55281	0.33716	-0.24644	-0.086114	0.022319	0.15586	-0.38215	-0.16173	0.55281	1	0.20907	0.02952	-0.18639	0.48862	-0.20146	-0.58805	-0.31241	0.33716	0.20907	1	-0.51412	-0.15028	0.2082	-0.10034	-0.57857	-0.004289	-0.24644	0.02952	-0.51412	1	0.2605	0.0053456	-0.58377	0.4825	0.017528	-0.086114	-0.18639	-0.15028	0.2605	1	-0.35708	0.20267	0.57279	0.10141	0.022319	0.48862	0.2082	0.0053456	-0.35708	1	-0.45619	-0.48845	-0.0019741	0.15586	-0.20146	-0.10034	-0.58377	0.20267	-0.45619	1	0.14465	0.24917	-0.38215	-0.58805	-0.57857	0.4825	0.57279	-0.48845	0.14465	1
