1	0.31074	-0.22035	-0.40246	0.68092	-0.29541	-0.30668	0.65716	-0.42503	0.31074	1	0.10756	-0.36714	0.57566	-0.4311	0.11369	0.73403	-0.10291	-0.22035	0.10756	1	0.094221	-0.096486	0.23323	-0.24006	-0.15381	0.27019	-0.40246	-0.36714	0.094221	1	-0.39803	0.52365	-0.23777	-0.59942	-0.1064	0.68092	0.57566	-0.096486	-0.39803	1	-0.66318	0.090782	0.84785	-0.26566	-0.29541	-0.4311	0.23323	0.52365	-0.66318	1	-0.2372	-0.63853	0.47606	-0.30668	0.11369	-0.24006	-0.23777	0.090782	-0.2372	1	0.15702	0.10348	0.65716	0.73403	-0.15381	-0.59942	0.84785	-0.63853	0.15702	1	-0.25811	-0.42503	-0.10291	0.27019	-0.1064	-0.26566	0.47606	0.10348	-0.25811	1
