1	0.38235	0.27377	-0.065296	-0.090809	0.089795	0.3721	-0.24159	-0.041329	0.38235	1	-0.28743	-0.32343	0.095283	-0.10214	-0.083305	-0.30575	-0.56625	0.27377	-0.28743	1	0.31372	-0.37102	0.62054	0.22033	-0.074481	0.49509	-0.065296	-0.32343	0.31372	1	0.22926	-0.27524	-0.10135	0.18874	0.67644	-0.090809	0.095283	-0.37102	0.22926	1	-0.66538	-0.096596	0.072211	0.34417	0.089795	-0.10214	0.62054	-0.27524	-0.66538	1	0.2805	-0.27732	-0.046526	0.3721	-0.083305	0.22033	-0.10135	-0.096596	0.2805	1	-0.15567	0.18939	-0.24159	-0.30575	-0.074481	0.18874	0.072211	-0.27732	-0.15567	1	0.013093	-0.041329	-0.56625	0.49509	0.67644	0.34417	-0.046526	0.18939	0.013093	1
