1	-0.28473	-0.1993	0.055381	0.17034	0.3133	-0.42382	-0.48231	-0.089727	-0.28473	1	0.22978	-0.23153	-0.023011	-0.6515	0.072541	0.47801	0.47204	-0.1993	0.22978	1	-0.030018	-0.79543	-0.75209	0.17589	-0.22766	0.58337	0.055381	-0.23153	-0.030018	1	-0.36143	0.13482	0.058875	-0.1001	-0.13461	0.17034	-0.023011	-0.79543	-0.36143	1	0.62443	-0.34327	0.20859	-0.57759	0.3133	-0.6515	-0.75209	0.13482	0.62443	1	-0.41083	-0.037038	-0.55372	-0.42382	0.072541	0.17589	0.058875	-0.34327	-0.41083	1	0.29778	-0.086122	-0.48231	0.47801	-0.22766	-0.1001	0.20859	-0.037038	0.29778	1	0.011129	-0.089727	0.47204	0.58337	-0.13461	-0.57759	-0.55372	-0.086122	0.011129	1
