1	-0.28536	0.64775	-0.0099327	-0.2006	0.18143	-0.29457	0.050001	0.0043242	-0.28536	1	0.12102	-0.44217	0.79453	0.36974	-0.64313	-0.28548	0.40757	0.64775	0.12102	1	-0.49132	0.15965	0.37823	-0.44515	0.12415	0.22024	-0.0099327	-0.44217	-0.49132	1	-0.62981	-0.49454	0.2896	-0.032683	-0.33327	-0.2006	0.79453	0.15965	-0.62981	1	0.54285	-0.47473	0.022541	0.38477	0.18143	0.36974	0.37823	-0.49454	0.54285	1	-0.48347	0.17258	0.47388	-0.29457	-0.64313	-0.44515	0.2896	-0.47473	-0.48347	1	0.094671	-0.14509	0.050001	-0.28548	0.12415	-0.032683	0.022541	0.17258	0.094671	1	-0.57048	0.0043242	0.40757	0.22024	-0.33327	0.38477	0.47388	-0.14509	-0.57048	1
