1	0.52236	0.18103	-0.56633	-0.72055	0.17113	-0.03696	-0.49617	0.22735	0.52236	1	0.6681	-0.35623	-0.83292	0.53175	0.1301	-0.12035	0.34133	0.18103	0.6681	1	-0.16389	-0.53991	0.29157	-0.064408	0.13609	0.0023476	-0.56633	-0.35623	-0.16389	1	0.6733	0.17353	-0.21105	0.82797	0.037533	-0.72055	-0.83292	-0.53991	0.6733	1	-0.2581	0.048012	0.53065	-0.23942	0.17113	0.53175	0.29157	0.17353	-0.2581	1	0.17878	0.31238	0.067428	-0.03696	0.1301	-0.064408	-0.21105	0.048012	0.17878	1	0.033505	0.015564	-0.49617	-0.12035	0.13609	0.82797	0.53065	0.31238	0.033505	1	-0.13488	0.22735	0.34133	0.0023476	0.037533	-0.23942	0.067428	0.015564	-0.13488	1
