1	-0.53757	0.23086	-0.061539	-0.68399	-0.077842	-0.14471	0.10759	-0.01163	-0.53757	1	-0.20716	0.11882	0.39694	0.45671	0.17166	0.44074	-0.41439	0.23086	-0.20716	1	0.18462	0.092589	-0.017185	-0.21958	-0.051387	-0.076357	-0.061539	0.11882	0.18462	1	0.2534	0.49428	-0.53771	-0.521	-0.065083	-0.68399	0.39694	0.092589	0.2534	1	0.30274	-0.12704	-0.34659	0.3782	-0.077842	0.45671	-0.017185	0.49428	0.30274	1	0.19136	0.15071	-0.057732	-0.14471	0.17166	-0.21958	-0.53771	-0.12704	0.19136	1	0.67443	-0.031795	0.10759	0.44074	-0.051387	-0.521	-0.34659	0.15071	0.67443	1	-0.51011	-0.01163	-0.41439	-0.076357	-0.065083	0.3782	-0.057732	-0.031795	-0.51011	1
