1	0.14483	0.54104	0.0243	0.022044	-0.082974	0.068829	0.027931	-0.012191	0.14483	1	-0.20914	-0.33902	-0.14205	0.036606	-0.44265	0.4577	0.084926	0.54104	-0.20914	1	-0.29025	-0.025674	-0.19403	0.021663	-0.17338	0.3804	0.0243	-0.33902	-0.29025	1	-0.10743	-0.17638	-0.096886	0.24564	-0.47471	0.022044	-0.14205	-0.025674	-0.10743	1	-0.45854	0.069615	-0.60935	0.12	-0.082974	0.036606	-0.19403	-0.17638	-0.45854	1	-0.053937	0.31661	0.093928	0.068829	-0.44265	0.021663	-0.096886	0.069615	-0.053937	1	-0.35754	-0.11949	0.027931	0.4577	-0.17338	0.24564	-0.60935	0.31661	-0.35754	1	-0.14712	-0.012191	0.084926	0.3804	-0.47471	0.12	0.093928	-0.11949	-0.14712	1
