1	0.26309	0.0182	-0.44533	0.48972	-0.10402	-0.33708	0.36985	-0.58324	0.26309	1	-0.45934	-0.048193	0.047691	-0.24114	-0.18357	0.21944	-0.53047	0.0182	-0.45934	1	-0.21478	-0.094633	0.11582	0.26671	0.020678	0.35721	-0.44533	-0.048193	-0.21478	1	-0.080568	-0.10059	-0.44272	-0.040499	0.1699	0.48972	0.047691	-0.094633	-0.080568	1	-0.41659	-0.45179	0.36242	-0.21139	-0.10402	-0.24114	0.11582	-0.10059	-0.41659	1	0.15565	0.22661	0.55833	-0.33708	-0.18357	0.26671	-0.44272	-0.45179	0.15565	1	-0.24273	0.26317	0.36985	0.21944	0.020678	-0.040499	0.36242	0.22661	-0.24273	1	0.029108	-0.58324	-0.53047	0.35721	0.1699	-0.21139	0.55833	0.26317	0.029108	1
