1	-0.16298	-0.44015	0.1081	-0.34107	-0.19626	-0.51632	0.50736	0.28156	-0.16298	1	0.18582	0.010161	-0.60285	-0.5343	0.024464	0.53628	-0.00083558	-0.44015	0.18582	1	-0.2927	0.097814	0.29649	-0.095112	-0.24071	0.51295	0.1081	0.010161	-0.2927	1	0.1891	0.23367	-0.0059165	0.28901	-0.47511	-0.34107	-0.60285	0.097814	0.1891	1	0.55021	0.49772	-0.58355	-0.23932	-0.19626	-0.5343	0.29649	0.23367	0.55021	1	-0.2035	-0.32808	-0.060085	-0.51632	0.024464	-0.095112	-0.0059165	0.49772	-0.2035	1	-0.24592	-0.25006	0.50736	0.53628	-0.24071	0.28901	-0.58355	-0.32808	-0.24592	1	0.16733	0.28156	-0.00083558	0.51295	-0.47511	-0.23932	-0.060085	-0.25006	0.16733	1
