1	0.78964	-0.20279	0.58116	0.41611	-0.11831	-0.52035	0.2138	0.25611	0.78964	1	-0.4138	0.66086	0.56023	-0.083241	-0.69787	0.5426	0.14142	-0.20279	-0.4138	1	-0.1563	-0.62498	-0.38827	0.061598	-0.15842	0.21142	0.58116	0.66086	-0.1563	1	0.45896	0.1084	-0.31389	0.30871	0.051084	0.41611	0.56023	-0.62498	0.45896	1	-0.069785	-0.35618	0.2995	-0.49989	-0.11831	-0.083241	-0.38827	0.1084	-0.069785	1	0.47649	-0.22516	0.14809	-0.52035	-0.69787	0.061598	-0.31389	-0.35618	0.47649	1	-0.82914	-0.16357	0.2138	0.5426	-0.15842	0.30871	0.2995	-0.22516	-0.82914	1	0.26064	0.25611	0.14142	0.21142	0.051084	-0.49989	0.14809	-0.16357	0.26064	1
