1	0.37039	0.11678	-0.16182	0.068207	-0.034549	-0.13434	0.28729	0.46865	0.37039	1	-0.37849	0.49441	0.6829	-0.28003	0.21851	0.14327	0.54001	0.11678	-0.37849	1	-0.30317	-0.39874	0.72687	-0.24667	0.16525	-0.0075426	-0.16182	0.49441	-0.30317	1	0.34633	-0.029843	-0.18104	-0.23905	0.15686	0.068207	0.6829	-0.39874	0.34633	1	-0.57052	0.38696	0.087182	-0.050146	-0.034549	-0.28003	0.72687	-0.029843	-0.57052	1	-0.54334	0.0035098	0.11457	-0.13434	0.21851	-0.24667	-0.18104	0.38696	-0.54334	1	0.36995	-0.081506	0.28729	0.14327	0.16525	-0.23905	0.087182	0.0035098	0.36995	1	0.2653	0.46865	0.54001	-0.0075426	0.15686	-0.050146	0.11457	-0.081506	0.2653	1
