1	-0.1771	0.0075929	0.34046	0.14375	0.11881	0.12438	-0.055064	0.0099789	-0.1771	1	-0.20807	-0.055308	0.44125	-0.48835	0.38698	0.039449	-0.11181	0.0075929	-0.20807	1	0.37677	0.044028	0.32953	-0.0090693	-0.14512	-0.56981	0.34046	-0.055308	0.37677	1	0.28127	0.060402	0.18473	0.35065	-0.24457	0.14375	0.44125	0.044028	0.28127	1	-0.77331	0.49909	0.43367	-0.5216	0.11881	-0.48835	0.32953	0.060402	-0.77331	1	-0.26395	-0.43802	0.41045	0.12438	0.38698	-0.0090693	0.18473	0.49909	-0.26395	1	-0.014902	0.16682	-0.055064	0.039449	-0.14512	0.35065	0.43367	-0.43802	-0.014902	1	-0.15328	0.0099789	-0.11181	-0.56981	-0.24457	-0.5216	0.41045	0.16682	-0.15328	1
