1	0.60975	-0.051156	0.57275	0.24544	0.28766	-0.0044064	0.43566	0.067395	0.60975	1	-0.18934	0.27808	-0.10781	-0.0065482	-0.1597	0.33106	0.68433	-0.051156	-0.18934	1	-0.21743	0.20127	0.027598	-0.16234	-0.41421	-0.17786	0.57275	0.27808	-0.21743	1	0.45487	0.64733	-0.24359	0.68509	-0.23098	0.24544	-0.10781	0.20127	0.45487	1	0.76183	-0.47445	0.57143	-0.42344	0.28766	-0.0065482	0.027598	0.64733	0.76183	1	-0.45156	0.49955	-0.14905	-0.0044064	-0.1597	-0.16234	-0.24359	-0.47445	-0.45156	1	-0.094747	-0.036121	0.43566	0.33106	-0.41421	0.68509	0.57143	0.49955	-0.094747	1	-0.049809	0.067395	0.68433	-0.17786	-0.23098	-0.42344	-0.14905	-0.036121	-0.049809	1
