1	-0.54503	-0.32401	0.6345	-0.201	-0.13891	0.23864	-0.44645	0.27195	-0.54503	1	-0.06555	-0.53853	0.5034	0.2388	0.027069	0.70599	0.26357	-0.32401	-0.06555	1	-0.0025043	-0.36596	0.39119	0.34089	0.11712	-0.59714	0.6345	-0.53853	-0.0025043	1	-0.44841	0.034994	0.35676	-0.38449	-0.012518	-0.201	0.5034	-0.36596	-0.44841	1	0.13936	-0.19481	0.66848	0.40858	-0.13891	0.2388	0.39119	0.034994	0.13936	1	0.68641	0.50812	0.18814	0.23864	0.027069	0.34089	0.35676	-0.19481	0.68641	1	0.13816	-0.066206	-0.44645	0.70599	0.11712	-0.38449	0.66848	0.50812	0.13816	1	0.40271	0.27195	0.26357	-0.59714	-0.012518	0.40858	0.18814	-0.066206	0.40271	1
