1	-0.20356	-0.56627	-0.09571	0.32646	0.29079	-0.33384	-0.20384	0.13447	-0.20356	1	0.0055671	0.32386	-0.4341	0.33226	0.45843	0.32787	-0.25125	-0.56627	0.0055671	1	-0.11169	0.26814	0.0095466	-0.035334	-0.011737	-0.10023	-0.09571	0.32386	-0.11169	1	-0.37088	-0.32131	0.61692	0.59165	0.10529	0.32646	-0.4341	0.26814	-0.37088	1	0.31597	-0.87167	0.021625	-0.15619	0.29079	0.33226	0.0095466	-0.32131	0.31597	1	-0.45954	-0.12294	-0.093575	-0.33384	0.45843	-0.035334	0.61692	-0.87167	-0.45954	1	0.19504	0.24331	-0.20384	0.32787	-0.011737	0.59165	0.021625	-0.12294	0.19504	1	-0.16525	0.13447	-0.25125	-0.10023	0.10529	-0.15619	-0.093575	0.24331	-0.16525	1
