1	0.47622	-0.69517	0.58032	-0.70575	-0.114	0.53402	-0.53384	0.71298	0.47622	1	-0.086254	0.19173	-0.65822	0.23627	-0.23261	0.10159	-0.0046532	-0.69517	-0.086254	1	-0.46317	0.35063	0.097729	-0.41756	0.60351	-0.62944	0.58032	0.19173	-0.46317	1	-0.062197	-0.1564	0.66292	-0.53989	0.49913	-0.70575	-0.65822	0.35063	-0.062197	1	0.041551	-0.11529	0.0034814	-0.32964	-0.114	0.23627	0.097729	-0.1564	0.041551	1	-0.23692	0.49788	-0.024545	0.53402	-0.23261	-0.41756	0.66292	-0.11529	-0.23692	1	-0.40938	0.5881	-0.53384	0.10159	0.60351	-0.53989	0.0034814	0.49788	-0.40938	1	-0.44175	0.71298	-0.0046532	-0.62944	0.49913	-0.32964	-0.024545	0.5881	-0.44175	1
