1	0.234	-0.031635	-0.32015	-0.35109	-0.56252	-0.0057578	0.51755	-0.52034	0.234	1	-0.10181	-0.37772	-0.44968	-0.42297	0.6102	0.46447	0.12791	-0.031635	-0.10181	1	0.56565	0.50537	0.18937	-0.29881	-0.45961	0.49744	-0.32015	-0.37772	0.56565	1	0.68085	0.48613	-0.060166	-0.60489	0.043049	-0.35109	-0.44968	0.50537	0.68085	1	0.37881	-0.47488	-0.763	0.2975	-0.56252	-0.42297	0.18937	0.48613	0.37881	1	-0.32235	-0.5351	0.27661	-0.0057578	0.6102	-0.29881	-0.060166	-0.47488	-0.32235	1	0.3285	-0.078787	0.51755	0.46447	-0.45961	-0.60489	-0.763	-0.5351	0.3285	1	-0.36605	-0.52034	0.12791	0.49744	0.043049	0.2975	0.27661	-0.078787	-0.36605	1
