1	-0.47436	0.25647	0.15501	0.27865	-0.10385	-0.081164	-0.13491	0.092046	-0.47436	1	-0.28502	-0.025569	-0.16523	0.011619	0.13949	0.16221	0.16557	0.25647	-0.28502	1	-0.34162	-0.24321	-0.010801	0.020016	0.11432	0.26649	0.15501	-0.025569	-0.34162	1	0.36363	0.018139	-0.10616	-0.10115	-0.073863	0.27865	-0.16523	-0.24321	0.36363	1	0.060176	-0.041209	-0.16015	-0.83556	-0.10385	0.011619	-0.010801	0.018139	0.060176	1	-0.13335	0.44781	-0.31996	-0.081164	0.13949	0.020016	-0.10616	-0.041209	-0.13335	1	-0.27322	0.044924	-0.13491	0.16221	0.11432	-0.10115	-0.16015	0.44781	-0.27322	1	-0.036962	0.092046	0.16557	0.26649	-0.073863	-0.83556	-0.31996	0.044924	-0.036962	1
