1	-0.36306	-0.24543	-0.11158	0.53238	0.085796	-0.14181	-0.46902	-0.039199	-0.36306	1	-0.29021	0.1149	-0.14197	0.024626	-0.041663	-0.0091616	-0.11257	-0.24543	-0.29021	1	-0.32873	-0.45803	0.04943	0.33466	0.33333	0.22088	-0.11158	0.1149	-0.32873	1	0.27538	-0.28304	-0.14258	-0.31359	0.27069	0.53238	-0.14197	-0.45803	0.27538	1	0.19367	-0.14989	-0.80666	0.15838	0.085796	0.024626	0.04943	-0.28304	0.19367	1	-0.029926	-0.069929	-0.115	-0.14181	-0.041663	0.33466	-0.14258	-0.14989	-0.029926	1	0.31684	0.4943	-0.46902	-0.0091616	0.33333	-0.31359	-0.80666	-0.069929	0.31684	1	0.13448	-0.039199	-0.11257	0.22088	0.27069	0.15838	-0.115	0.4943	0.13448	1
