1	0.016148	-0.45339	-0.0021822	0.12295	0.5509	0.46616	-0.063678	-0.51961	0.016148	1	0.084081	0.093561	0.76358	0.10983	0.048116	-0.15357	0.36437	-0.45339	0.084081	1	0.56275	-0.065876	0.048823	0.10053	0.075359	0.43879	-0.0021822	0.093561	0.56275	1	-0.29535	0.52858	0.2004	0.2343	-0.18359	0.12295	0.76358	-0.065876	-0.29535	1	-0.26768	0.053441	-0.628	0.21049	0.5509	0.10983	0.048823	0.52858	-0.26768	1	0.32501	0.5079	-0.37529	0.46616	0.048116	0.10053	0.2004	0.053441	0.32501	1	0.050628	-0.19975	-0.063678	-0.15357	0.075359	0.2343	-0.628	0.5079	0.050628	1	0.076494	-0.51961	0.36437	0.43879	-0.18359	0.21049	-0.37529	-0.19975	0.076494	1
