1	-0.3779	-0.57725	0.095403	-0.64348	-0.060346	0.237	-0.24878	0.6897	-0.3779	1	0.30945	0.65321	0.44524	0.58789	0.27428	0.39235	-0.28984	-0.57725	0.30945	1	-0.12226	0.26397	0.1492	0.047342	0.6472	-0.79605	0.095403	0.65321	-0.12226	1	0.15298	0.30268	-0.007107	0.27576	0.096598	-0.64348	0.44524	0.26397	0.15298	1	0.21974	-0.27801	0.39586	-0.32898	-0.060346	0.58789	0.1492	0.30268	0.21974	1	0.32995	0.16322	-0.41822	0.237	0.27428	0.047342	-0.007107	-0.27801	0.32995	1	-0.14869	-0.0023399	-0.24878	0.39235	0.6472	0.27576	0.39586	0.16322	-0.14869	1	-0.47405	0.6897	-0.28984	-0.79605	0.096598	-0.32898	-0.41822	-0.0023399	-0.47405	1
