1	-0.25483	0.055592	0.12949	-0.0050961	0.50319	-0.35819	0.20328	-0.16662	-0.25483	1	-0.25928	-0.57299	0.52781	-0.17475	0.50906	0.53184	0.45364	0.055592	-0.25928	1	0.17438	-0.17398	0.23556	-0.60605	0.42533	-0.33065	0.12949	-0.57299	0.17438	1	0.057661	0.59683	-0.55568	-0.05618	-0.39441	-0.0050961	0.52781	-0.17398	0.057661	1	0.12184	-0.092352	0.47582	0.071459	0.50319	-0.17475	0.23556	0.59683	0.12184	1	-0.39384	0.45303	-0.32037	-0.35819	0.50906	-0.60605	-0.55568	-0.092352	-0.39384	1	-0.23414	0.46449	0.20328	0.53184	0.42533	-0.05618	0.47582	0.45303	-0.23414	1	0.2022	-0.16662	0.45364	-0.33065	-0.39441	0.071459	-0.32037	0.46449	0.2022	1
