1	-0.011337	0.10328	0.045736	0.25491	-0.029387	-0.029857	0.080412	0.37917	-0.011337	1	-0.17205	0.32533	-0.55928	0.094966	-0.44337	-0.01646	-0.14248	0.10328	-0.17205	1	0.45072	-0.18282	-0.14702	-0.19356	-0.27739	0.16659	0.045736	0.32533	0.45072	1	-0.34051	-0.4827	-0.24065	-0.42858	-0.18263	0.25491	-0.55928	-0.18282	-0.34051	1	-0.17068	0.19802	0.041827	0.076699	-0.029387	0.094966	-0.14702	-0.4827	-0.17068	1	0.077866	-0.062425	0.28535	-0.029857	-0.44337	-0.19356	-0.24065	0.19802	0.077866	1	0.2004	-0.29969	0.080412	-0.01646	-0.27739	-0.42858	0.041827	-0.062425	0.2004	1	0.3825	0.37917	-0.14248	0.16659	-0.18263	0.076699	0.28535	-0.29969	0.3825	1
