1	-0.16087	-0.087865	-0.003878	-0.42225	0.12577	0.0073282	0.40262	0.3882	-0.16087	1	0.31605	-0.49032	-0.2471	0.027527	0.041203	0.090204	0.38332	-0.087865	0.31605	1	-0.23693	0.33727	-0.046137	0.12395	0.20756	0.047081	-0.003878	-0.49032	-0.23693	1	0.24453	0.2015	-0.19765	0.20599	-0.24431	-0.42225	-0.2471	0.33727	0.24453	1	-0.57489	0.61898	-0.36623	-0.24089	0.12577	0.027527	-0.046137	0.2015	-0.57489	1	-0.68042	0.20819	-0.21296	0.0073282	0.041203	0.12395	-0.19765	0.61898	-0.68042	1	-0.27275	0.24237	0.40262	0.090204	0.20756	0.20599	-0.36623	0.20819	-0.27275	1	0.59239	0.3882	0.38332	0.047081	-0.24431	-0.24089	-0.21296	0.24237	0.59239	1
