1	0.08487	0.7593	-0.27798	-0.24071	0.18253	0.37472	0.26997	0.050586	0.08487	1	-0.23041	-0.17686	0.47707	0.62663	-0.15629	0.53384	0.2223	0.7593	-0.23041	1	-0.2376	-0.38883	0.2233	0.16187	-0.005228	-0.12755	-0.27798	-0.17686	-0.2376	1	0.13978	0.11213	-0.37377	-0.1774	0.69609	-0.24071	0.47707	-0.38883	0.13978	1	0.28698	0.18146	0.011267	0.15978	0.18253	0.62663	0.2233	0.11213	0.28698	1	-0.34749	0.62419	0.52761	0.37472	-0.15629	0.16187	-0.37377	0.18146	-0.34749	1	-0.26467	-0.31005	0.26997	0.53384	-0.005228	-0.1774	0.011267	0.62419	-0.26467	1	0.34144	0.050586	0.2223	-0.12755	0.69609	0.15978	0.52761	-0.31005	0.34144	1
