1	0.43497	-0.15505	-0.020248	-0.41656	0.21245	-0.62081	0.44201	-0.043801	0.43497	1	-0.2688	-0.12828	-0.74245	-0.023945	-0.23182	-0.20036	-0.25988	-0.15505	-0.2688	1	0.095253	-0.14557	-0.16848	-0.26492	-0.017856	0.56709	-0.020248	-0.12828	0.095253	1	0.028047	0.27035	-0.28487	0.18373	0.62023	-0.41656	-0.74245	-0.14557	0.028047	1	-0.17928	0.3946	0.18118	0.024828	0.21245	-0.023945	-0.16848	0.27035	-0.17928	1	-0.23735	0.45642	0.29723	-0.62081	-0.23182	-0.26492	-0.28487	0.3946	-0.23735	1	-0.4205	-0.30201	0.44201	-0.20036	-0.017856	0.18373	0.18118	0.45642	-0.4205	1	0.2825	-0.043801	-0.25988	0.56709	0.62023	0.024828	0.29723	-0.30201	0.2825	1
