1	0.3886	0.22763	0.25596	-0.68786	-0.063027	0.34342	0.52926	-0.32558	0.3886	1	0.7052	0.50679	-0.61857	-0.13562	0.18285	0.74361	-0.28621	0.22763	0.7052	1	0.36244	-0.70454	0.3603	0.30041	0.56425	-0.4223	0.25596	0.50679	0.36244	1	-0.48027	0.23266	-0.18459	0.68505	-0.60531	-0.68786	-0.61857	-0.70454	-0.48027	1	-0.081144	-0.5912	-0.67077	0.62364	-0.063027	-0.13562	0.3603	0.23266	-0.081144	1	-0.3384	0.24229	-0.42164	0.34342	0.18285	0.30041	-0.18459	-0.5912	-0.3384	1	-0.029118	-0.21324	0.52926	0.74361	0.56425	0.68505	-0.67077	0.24229	-0.029118	1	-0.6468	-0.32558	-0.28621	-0.4223	-0.60531	0.62364	-0.42164	-0.21324	-0.6468	1
