1	-0.24161	-0.083808	0.30138	-0.31333	0.020495	0.19548	0.12918	-0.41099	-0.24161	1	-0.27837	-0.20097	-0.25028	0.35716	0.335	-0.19292	0.05581	-0.083808	-0.27837	1	-0.036131	0.08147	-0.34465	0.22439	-0.25054	-0.22039	0.30138	-0.20097	-0.036131	1	-0.048263	0.014451	-0.66162	0.65602	-0.017751	-0.31333	-0.25028	0.08147	-0.048263	1	-0.18763	-0.29295	0.37353	0.45426	0.020495	0.35716	-0.34465	0.014451	-0.18763	1	0.1933	-0.075659	0.18685	0.19548	0.335	0.22439	-0.66162	-0.29295	0.1933	1	-0.70403	-0.19761	0.12918	-0.19292	-0.25054	0.65602	0.37353	-0.075659	-0.70403	1	-0.033642	-0.41099	0.05581	-0.22039	-0.017751	0.45426	0.18685	-0.19761	-0.033642	1
