1	0.56658	-0.55797	0.37356	0.03075	-0.6418	-0.069974	-0.074308	0.06923	0.56658	1	-0.1465	0.24382	0.009138	-0.43224	0.36635	0.011754	0.50737	-0.55797	-0.1465	1	-0.44674	-0.50388	0.30304	0.16597	0.1617	0.17307	0.37356	0.24382	-0.44674	1	-0.083536	-0.18169	-0.36924	-0.3079	0.0024447	0.03075	0.009138	-0.50388	-0.083536	1	-0.40521	0.20273	-0.15899	0.3791	-0.6418	-0.43224	0.30304	-0.18169	-0.40521	1	-0.30644	-0.094935	-0.34716	-0.069974	0.36635	0.16597	-0.36924	0.20273	-0.30644	1	0.40861	0.10133	-0.074308	0.011754	0.1617	-0.3079	-0.15899	-0.094935	0.40861	1	-0.25067	0.06923	0.50737	0.17307	0.0024447	0.3791	-0.34716	0.10133	-0.25067	1
