1	-0.24948	-0.28546	0.44333	-0.18607	0.10567	-0.048511	0.21166	-0.34376	-0.24948	1	-0.039826	-0.35797	0.3515	-0.057554	-0.089312	-0.55279	0.18647	-0.28546	-0.039826	1	-0.39883	0.35414	0.57221	0.35193	-0.29312	0.022793	0.44333	-0.35797	-0.39883	1	-0.38728	-0.42392	0.19105	-0.027461	0.26134	-0.18607	0.3515	0.35414	-0.38728	1	0.217	-0.19522	-0.13174	0.11555	0.10567	-0.057554	0.57221	-0.42392	0.217	1	0.46386	0.27589	-0.2366	-0.048511	-0.089312	0.35193	0.19105	-0.19522	0.46386	1	-0.15874	0.44945	0.21166	-0.55279	-0.29312	-0.027461	-0.13174	0.27589	-0.15874	1	-0.56091	-0.34376	0.18647	0.022793	0.26134	0.11555	-0.2366	0.44945	-0.56091	1
