1	-0.11904	-0.088483	-0.16627	0.46627	0.20045	0.068684	-0.25842	-0.13245	-0.11904	1	0.41982	0.010589	-0.40856	-0.10157	-0.21938	0.43173	-0.56705	-0.088483	0.41982	1	0.068447	-0.52318	0.17504	0.25956	0.36389	-0.42185	-0.16627	0.010589	0.068447	1	-0.024497	-0.40767	-0.73375	-0.011902	0.21052	0.46627	-0.40856	-0.52318	-0.024497	1	-0.42362	-0.1841	-0.40095	0.33948	0.20045	-0.10157	0.17504	-0.40767	-0.42362	1	0.55576	0.22408	-0.10207	0.068684	-0.21938	0.25956	-0.73375	-0.1841	0.55576	1	-0.061932	0.024424	-0.25842	0.43173	0.36389	-0.011902	-0.40095	0.22408	-0.061932	1	-0.13409	-0.13245	-0.56705	-0.42185	0.21052	0.33948	-0.10207	0.024424	-0.13409	1
