1	-0.186	0.31735	0.12699	0.33318	0.60522	-0.65076	0.16652	0.022164	-0.186	1	-0.40691	-0.20384	-0.25103	-0.014573	-0.087445	0.082738	0.090804	0.31735	-0.40691	1	0.21505	0.2806	0.54166	-0.32006	0.22967	0.44513	0.12699	-0.20384	0.21505	1	0.61192	0.22252	-0.29404	-0.54725	-0.42315	0.33318	-0.25103	0.2806	0.61192	1	0.097559	-0.55363	-0.59951	-0.29214	0.60522	-0.014573	0.54166	0.22252	0.097559	1	-0.53451	0.41838	0.5452	-0.65076	-0.087445	-0.32006	-0.29404	-0.55363	-0.53451	1	0.21209	0.006821	0.16652	0.082738	0.22967	-0.54725	-0.59951	0.41838	0.21209	1	0.78464	0.022164	0.090804	0.44513	-0.42315	-0.29214	0.5452	0.006821	0.78464	1
