1	-0.4211	-0.20923	-0.47027	0.2255	-0.037964	-0.18489	-0.40437	-0.058983	-0.4211	1	0.38174	0.28785	0.29334	0.43748	0.37101	0.67247	-0.64636	-0.20923	0.38174	1	0.48038	-0.14285	-0.018653	-0.025761	0.6028	0.012513	-0.47027	0.28785	0.48038	1	-0.42374	-0.16504	-0.20241	0.79244	0.24822	0.2255	0.29334	-0.14285	-0.42374	1	0.17021	0.589	-0.13309	-0.59824	-0.037964	0.43748	-0.018653	-0.16504	0.17021	1	0.67563	0.085864	-0.62893	-0.18489	0.37101	-0.025761	-0.20241	0.589	0.67563	1	0.091605	-0.71728	-0.40437	0.67247	0.6028	0.79244	-0.13309	0.085864	0.091605	1	-0.29925	-0.058983	-0.64636	0.012513	0.24822	-0.59824	-0.62893	-0.71728	-0.29925	1
