1	-0.36557	-0.62512	0.18485	0.090383	-0.37409	-0.4675	0.23442	0.62616	-0.36557	1	0.22977	-0.23511	-0.39424	-0.0054969	0.18929	-0.83365	-0.24732	-0.62512	0.22977	1	-0.28238	0.037399	0.0072598	0.32906	-0.17355	-0.7191	0.18485	-0.23511	-0.28238	1	-0.38396	-0.058161	0.39674	0.18099	0.58719	0.090383	-0.39424	0.037399	-0.38396	1	-0.28139	-0.26501	0.15421	0.03261	-0.37409	-0.0054969	0.0072598	-0.058161	-0.28139	1	0.33876	-0.0096788	-0.20845	-0.4675	0.18929	0.32906	0.39674	-0.26501	0.33876	1	-0.1274	-0.058249	0.23442	-0.83365	-0.17355	0.18099	0.15421	-0.0096788	-0.1274	1	0.053784	0.62616	-0.24732	-0.7191	0.58719	0.03261	-0.20845	-0.058249	0.053784	1
