1	0.041934	-0.11886	0.010895	-0.075397	-0.74801	0.42717	0.16488	-0.32282	0.041934	1	0.29041	0.072254	0.33721	-0.48796	-0.71045	-0.12963	-0.066606	-0.11886	0.29041	1	0.062571	0.11234	-0.0007759	0.068349	-0.12335	-0.35302	0.010895	0.072254	0.062571	1	-0.29281	-0.013649	-0.093101	-0.44885	-0.33274	-0.075397	0.33721	0.11234	-0.29281	1	-0.30184	-0.10951	-0.46487	-0.12831	-0.74801	-0.48796	-0.0007759	-0.013649	-0.30184	1	0.0091058	-0.03953	0.18533	0.42717	-0.71045	0.068349	-0.093101	-0.10951	0.0091058	1	0.15385	-0.32619	0.16488	-0.12963	-0.12335	-0.44885	-0.46487	-0.03953	0.15385	1	0.42315	-0.32282	-0.066606	-0.35302	-0.33274	-0.12831	0.18533	-0.32619	0.42315	1
