1	0.48508	0.32095	0.17156	0.11751	-0.56733	-0.25663	0.14441	0.66828	0.48508	1	0.61785	-0.10849	0.056641	-0.38067	0.16078	0.40139	0.60723	0.32095	0.61785	1	0.26666	-0.10617	-0.1725	0.2488	0.26153	0.4081	0.17156	-0.10849	0.26666	1	0.42248	-0.52521	0.35215	0.29999	0.28494	0.11751	0.056641	-0.10617	0.42248	1	-0.38985	0.22462	0.40752	0.030893	-0.56733	-0.38067	-0.1725	-0.52521	-0.38985	1	-0.14233	-0.49871	-0.77384	-0.25663	0.16078	0.2488	0.35215	0.22462	-0.14233	1	0.52904	0.2427	0.14441	0.40139	0.26153	0.29999	0.40752	-0.49871	0.52904	1	0.66396	0.66828	0.60723	0.4081	0.28494	0.030893	-0.77384	0.2427	0.66396	1
