1	-0.16128	0.17446	-0.32704	0.28108	-0.25422	0.40061	-0.62829	0.083601	-0.16128	1	-0.43114	0.038659	0.052368	-0.21036	-0.044011	0.54121	-0.25418	0.17446	-0.43114	1	-0.15263	0.48026	-0.019934	0.058698	-0.28167	-0.024955	-0.32704	0.038659	-0.15263	1	0.41048	0.43278	0.48284	0.50587	-0.23688	0.28108	0.052368	0.48026	0.41048	1	0.21106	0.55192	-0.035652	-0.049597	-0.25422	-0.21036	-0.019934	0.43278	0.21106	1	-0.17906	0.18544	0.57672	0.40061	-0.044011	0.058698	0.48284	0.55192	-0.17906	1	-0.082359	-0.46235	-0.62829	0.54121	-0.28167	0.50587	-0.035652	0.18544	-0.082359	1	-0.10085	0.083601	-0.25418	-0.024955	-0.23688	-0.049597	0.57672	-0.46235	-0.10085	1
