1	-0.019127	0.42561	0.052098	-0.14922	0.34026	0.55438	-0.59608	-0.46519	-0.019127	1	0.03003	0.13096	0.23145	-0.050128	0.57894	-0.012793	0.15138	0.42561	0.03003	1	-0.38089	0.20069	-0.012926	0.29679	-0.25853	-0.21346	0.052098	0.13096	-0.38089	1	0.29667	-0.16582	-0.024588	-0.28052	0.31438	-0.14922	0.23145	0.20069	0.29667	1	0.031701	-0.053406	-0.34282	0.32115	0.34026	-0.050128	-0.012926	-0.16582	0.031701	1	0.56602	-0.66936	-0.70825	0.55438	0.57894	0.29679	-0.024588	-0.053406	0.56602	1	-0.50011	-0.52127	-0.59608	-0.012793	-0.25853	-0.28052	-0.34282	-0.66936	-0.50011	1	0.39461	-0.46519	0.15138	-0.21346	0.31438	0.32115	-0.70825	-0.52127	0.39461	1
