1	0.096419	0.16829	0.039198	-0.08412	0.07651	0.1059	-0.50429	0.039813	0.096419	1	0.21194	-0.032892	0.31325	0.47261	-0.17613	-0.32123	-0.17858	0.16829	0.21194	1	0.56206	-0.42855	-0.16453	-0.1469	0.0074252	0.53533	0.039198	-0.032892	0.56206	1	-0.44592	-0.083538	0.50173	0.18189	0.14796	-0.08412	0.31325	-0.42855	-0.44592	1	0.33374	-0.32812	0.062845	-0.78434	0.07651	0.47261	-0.16453	-0.083538	0.33374	1	0.17325	-0.53831	-0.096023	0.1059	-0.17613	-0.1469	0.50173	-0.32812	0.17325	1	-0.2759	0.10392	-0.50429	-0.32123	0.0074252	0.18189	0.062845	-0.53831	-0.2759	1	-0.23244	0.039813	-0.17858	0.53533	0.14796	-0.78434	-0.096023	0.10392	-0.23244	1
