1	-0.27571	-0.57361	-0.31022	-0.082231	0.36467	0.00073595	-0.30032	-0.46271	-0.27571	1	0.34381	0.25968	-0.65925	0.12383	-0.16328	0.083426	0.13088	-0.57361	0.34381	1	0.048921	0.17582	0.069304	-0.29058	-0.33865	-0.042821	-0.31022	0.25968	0.048921	1	-0.21256	-0.3018	-0.15195	0.68109	0.76437	-0.082231	-0.65925	0.17582	-0.21256	1	0.14092	-0.28797	-0.23469	-0.26882	0.36467	0.12383	0.069304	-0.3018	0.14092	1	-0.5829	-0.62421	-0.68736	0.00073595	-0.16328	-0.29058	-0.15195	-0.28797	-0.5829	1	0.35786	0.37957	-0.30032	0.083426	-0.33865	0.68109	-0.23469	-0.62421	0.35786	1	0.80877	-0.46271	0.13088	-0.042821	0.76437	-0.26882	-0.68736	0.37957	0.80877	1
