1	-0.21734	-0.071914	-0.31476	0.42606	-0.087189	-0.071213	-0.037699	-0.36329	-0.21734	1	0.15004	0.43825	-0.14156	-0.078358	-0.26391	-0.18939	0.82305	-0.071914	0.15004	1	0.43087	0.42761	0.38436	-0.13571	0.43019	0.11958	-0.31476	0.43825	0.43087	1	0.051316	0.44487	-0.0031227	0.021291	0.40694	0.42606	-0.14156	0.42761	0.051316	1	0.1635	-0.2746	0.183	-0.036662	-0.087189	-0.078358	0.38436	0.44487	0.1635	1	-0.14383	0.22284	-0.27321	-0.071213	-0.26391	-0.13571	-0.0031227	-0.2746	-0.14383	1	-0.22123	0.0094773	-0.037699	-0.18939	0.43019	0.021291	0.183	0.22284	-0.22123	1	-0.2288	-0.36329	0.82305	0.11958	0.40694	-0.036662	-0.27321	0.0094773	-0.2288	1
