1	0.10721	0.58326	-0.13497	-0.37983	-0.17702	0.35602	0.29481	0.56989	0.10721	1	-0.27949	0.54481	-0.44145	-0.22836	0.25944	0.0099642	-0.12311	0.58326	-0.27949	1	0.063348	0.02408	-0.35241	-0.015688	0.53126	0.70067	-0.13497	0.54481	0.063348	1	-0.18022	-0.71069	0.16803	0.25579	0.33643	-0.37983	-0.44145	0.02408	-0.18022	1	-0.071873	0.28952	-0.17855	0.0085743	-0.17702	-0.22836	-0.35241	-0.71069	-0.071873	1	-0.34789	-0.15026	-0.69936	0.35602	0.25944	-0.015688	0.16803	0.28952	-0.34789	1	-0.15997	0.27316	0.29481	0.0099642	0.53126	0.25579	-0.17855	-0.15026	-0.15997	1	0.46573	0.56989	-0.12311	0.70067	0.33643	0.0085743	-0.69936	0.27316	0.46573	1
