1	-0.24181	0.27236	0.34122	-0.1468	0.11439	-0.35648	-0.061888	0.70353	-0.24181	1	-0.30391	-0.37585	0.13841	-0.0088211	0.3568	0.53348	-0.23487	0.27236	-0.30391	1	-0.19354	-0.28024	0.57206	0.33814	0.044384	0.27771	0.34122	-0.37585	-0.19354	1	-0.15906	-0.021671	-0.31804	-0.61554	-0.22014	-0.1468	0.13841	-0.28024	-0.15906	1	0.234	-0.17948	-0.090366	-0.15656	0.11439	-0.0088211	0.57206	-0.021671	0.234	1	0.23176	0.0088254	0.017414	-0.35648	0.3568	0.33814	-0.31804	-0.17948	0.23176	1	0.043712	-0.26772	-0.061888	0.53348	0.044384	-0.61554	-0.090366	0.0088254	0.043712	1	0.21336	0.70353	-0.23487	0.27771	-0.22014	-0.15656	0.017414	-0.26772	0.21336	1
