1	0.16738	-0.471	-0.012785	-0.5371	-0.4046	0.0061343	-0.04566	0.36511	0.16738	1	-0.034743	0.029721	-0.22253	0.30355	-0.13809	0.034223	0.16958	-0.471	-0.034743	1	-0.0031017	0.74345	0.04602	-0.028723	-0.32146	-0.39072	-0.012785	0.029721	-0.0031017	1	0.2024	0.50718	-0.12192	0.011024	-0.60879	-0.5371	-0.22253	0.74345	0.2024	1	0.22846	-0.0064922	-0.11736	-0.66397	-0.4046	0.30355	0.04602	0.50718	0.22846	1	-0.31925	0.3829	-0.3467	0.0061343	-0.13809	-0.028723	-0.12192	-0.0064922	-0.31925	1	-0.53765	-0.05727	-0.04566	0.034223	-0.32146	0.011024	-0.11736	0.3829	-0.53765	1	-0.19541	0.36511	0.16958	-0.39072	-0.60879	-0.66397	-0.3467	-0.05727	-0.19541	1
