1	0.49518	0.20692	0.40675	0.27394	0.57184	-0.18725	0.29773	-0.61244	0.49518	1	0.48643	0.21651	0.12902	0.28585	-0.72339	0.42422	-0.55354	0.20692	0.48643	1	0.03969	-0.18275	-0.070773	-0.52993	0.062555	-0.7313	0.40675	0.21651	0.03969	1	0.74074	-0.27124	-0.050196	-0.1996	-0.29604	0.27394	0.12902	-0.18275	0.74074	1	-0.14474	-0.20707	-0.25751	-0.052725	0.57184	0.28585	-0.070773	-0.27124	-0.14474	1	-0.051165	0.38017	-0.031612	-0.18725	-0.72339	-0.52993	-0.050196	-0.20707	-0.051165	1	-0.38897	0.51478	0.29773	0.42422	0.062555	-0.1996	-0.25751	0.38017	-0.38897	1	-0.11196	-0.61244	-0.55354	-0.7313	-0.29604	-0.052725	-0.031612	0.51478	-0.11196	1
