1	0.46394	0.23429	0.52275	-0.069039	0.67969	0.39068	-0.62497	0.35716	0.46394	1	0.41314	0.1621	0.11516	0.079151	0.38339	-0.1557	0.14873	0.23429	0.41314	1	-0.2917	0.34406	-0.247	0.42037	0.36896	-0.13376	0.52275	0.1621	-0.2917	1	0.13898	0.67445	0.44177	-0.69169	0.35501	-0.069039	0.11516	0.34406	0.13898	1	-0.039909	0.64311	-0.11466	0.51247	0.67969	0.079151	-0.247	0.67445	-0.039909	1	0.14406	-0.82427	0.62497	0.39068	0.38339	0.42037	0.44177	0.64311	0.14406	1	-0.27176	0.36875	-0.62497	-0.1557	0.36896	-0.69169	-0.11466	-0.82427	-0.27176	1	-0.72551	0.35716	0.14873	-0.13376	0.35501	0.51247	0.62497	0.36875	-0.72551	1
