1	0.2785	-0.51072	0.056368	-0.12188	0.14631	0.42538	0.11362	0.49197	0.2785	1	-0.15604	0.6557	-0.087819	0.29522	-0.010152	-0.29753	-0.21643	-0.51072	-0.15604	1	-0.083926	0.18417	0.53598	-0.40762	-0.051169	-0.71312	0.056368	0.6557	-0.083926	1	-0.49004	0.27089	-0.1864	-0.10105	-0.33346	-0.12188	-0.087819	0.18417	-0.49004	1	-0.17214	-0.24054	-0.16381	-0.038918	0.14631	0.29522	0.53598	0.27089	-0.17214	1	-0.01464	0.017073	-0.52028	0.42538	-0.010152	-0.40762	-0.1864	-0.24054	-0.01464	1	-0.11708	0.66841	0.11362	-0.29753	-0.051169	-0.10105	-0.16381	0.017073	-0.11708	1	-0.1023	0.49197	-0.21643	-0.71312	-0.33346	-0.038918	-0.52028	0.66841	-0.1023	1
