1	0.39943	0.085962	0.2408	-0.23201	0.13116	-0.19831	-0.39692	0.27188	0.39943	1	-0.75978	0.36282	0.073801	-0.47509	0.42204	-0.28445	-0.039995	0.085962	-0.75978	1	-0.11616	-0.13521	0.35226	-0.50229	0.031531	0.28338	0.2408	0.36282	-0.11616	1	-0.40788	-0.10689	0.44368	-0.0751	0.091309	-0.23201	0.073801	-0.13521	-0.40788	1	-0.54019	-0.40325	-0.080062	0.41079	0.13116	-0.47509	0.35226	-0.10689	-0.54019	1	0.0077394	-0.11932	-0.057786	-0.19831	0.42204	-0.50229	0.44368	-0.40325	0.0077394	1	-0.11154	-0.1379	-0.39692	-0.28445	0.031531	-0.0751	-0.080062	-0.11932	-0.11154	1	-0.57339	0.27188	-0.039995	0.28338	0.091309	0.41079	-0.057786	-0.1379	-0.57339	1
