1	-0.30731	0.55621	-0.53039	-0.072753	0.3965	0.47841	0.037346	-0.12983	-0.30731	1	-0.12868	-0.024373	-0.46953	0.11318	0.10903	0.006577	-0.41977	0.55621	-0.12868	1	-0.61516	0.050668	-0.21202	0.31442	-0.01982	-0.4234	-0.53039	-0.024373	-0.61516	1	0.016108	-0.22693	-0.31469	-0.2562	0.027779	-0.072753	-0.46953	0.050668	0.016108	1	-0.30861	-0.59466	0.070021	0.49626	0.3965	0.11318	-0.21202	-0.22693	-0.30861	1	0.38021	0.12387	0.19441	0.47841	0.10903	0.31442	-0.31469	-0.59466	0.38021	1	0.19096	-0.11105	0.037346	0.006577	-0.01982	-0.2562	0.070021	0.12387	0.19096	1	0.3767	-0.12983	-0.41977	-0.4234	0.027779	0.49626	0.19441	-0.11105	0.3767	1
