1	0.05309	-0.17697	0.19901	-0.10418	-0.78119	0.24358	-0.3217	0.36577	0.05309	1	-0.61179	0.1391	0.03408	0.0067434	-0.58537	-0.30531	0.096203	-0.17697	-0.61179	1	0.12139	0.21829	0.058512	0.47383	0.58931	-0.10245	0.19901	0.1391	0.12139	1	0.023716	0.094148	0.32541	0.12324	-0.30507	-0.10418	0.03408	0.21829	0.023716	1	0.1985	0.38457	-0.11157	0.21803	-0.78119	0.0067434	0.058512	0.094148	0.1985	1	-0.06306	0.19387	-0.36934	0.24358	-0.58537	0.47383	0.32541	0.38457	-0.06306	1	0.19798	0.17185	-0.3217	-0.30531	0.58931	0.12324	-0.11157	0.19387	0.19798	1	0.0082244	0.36577	0.096203	-0.10245	-0.30507	0.21803	-0.36934	0.17185	0.0082244	1
