1	-0.08324	-0.38206	-0.037056	0.35871	0.43021	-0.28631	-0.44806	0.65605	-0.08324	1	-0.1386	0.41253	-0.53987	0.12268	0.27654	0.095461	-0.58484	-0.38206	-0.1386	1	-0.10089	-0.42246	-0.15674	0.53288	0.099733	-0.41026	-0.037056	0.41253	-0.10089	1	0.055764	0.50885	0.31406	0.076859	-0.57475	0.35871	-0.53987	-0.42246	0.055764	1	0.54007	-0.64478	-0.21899	0.58689	0.43021	0.12268	-0.15674	0.50885	0.54007	1	-0.26796	-0.3945	0.027028	-0.28631	0.27654	0.53288	0.31406	-0.64478	-0.26796	1	0.24646	-0.65684	-0.44806	0.095461	0.099733	0.076859	-0.21899	-0.3945	0.24646	1	-0.35521	0.65605	-0.58484	-0.41026	-0.57475	0.58689	0.027028	-0.65684	-0.35521	1
