1	0.2182	0.51429	-0.020316	0.33955	0.7557	-0.010744	0.3994	0.52795	0.2182	1	-0.41807	0.2083	-0.14148	0.2994	0.31391	0.60165	0.73602	0.51429	-0.41807	1	-0.23231	0.28987	0.29325	-0.11731	-0.033862	0.13133	-0.020316	0.2083	-0.23231	1	0.14914	0.11956	-0.38266	0.34279	0.25049	0.33955	-0.14148	0.28987	0.14914	1	0.31707	-0.29586	0.010008	0.051379	0.7557	0.2994	0.29325	0.11956	0.31707	1	0.0098799	0.48192	0.62989	-0.010744	0.31391	-0.11731	-0.38266	-0.29586	0.0098799	1	-0.24882	0.072005	0.3994	0.60165	-0.033862	0.34279	0.010008	0.48192	-0.24882	1	0.66098	0.52795	0.73602	0.13133	0.25049	0.051379	0.62989	0.072005	0.66098	1
