1	-0.040177	-0.030535	-0.57956	-0.20527	0.21665	0.02395	-0.24095	0.63146	-0.040177	1	-0.49319	-0.024566	0.67918	-0.15757	-0.16959	0.28229	0.011429	-0.030535	-0.49319	1	-0.237	-0.14547	0.30814	0.22154	0.12526	0.43971	-0.57956	-0.024566	-0.237	1	0.21105	-0.12883	0.049867	0.20253	-0.61047	-0.20527	0.67918	-0.14547	0.21105	1	-0.13287	0.051727	0.54173	0.0097514	0.21665	-0.15757	0.30814	-0.12883	-0.13287	1	0.27103	0.20855	0.36454	0.02395	-0.16959	0.22154	0.049867	0.051727	0.27103	1	-0.29173	0.35422	-0.24095	0.28229	0.12526	0.20253	0.54173	0.20855	-0.29173	1	-0.1208	0.63146	0.011429	0.43971	-0.61047	0.0097514	0.36454	0.35422	-0.1208	1
