1	-0.33202	0.14189	-0.56514	-0.47338	0.55073	-0.29296	-0.52262	0.13604	-0.33202	1	-0.53388	-0.19446	0.11326	-0.29071	0.026687	-0.19183	-0.26115	0.14189	-0.53388	1	-0.28087	-0.3447	-0.016681	-0.32735	0.21794	-0.034161	-0.56514	-0.19446	-0.28087	1	0.57965	0.10013	0.36451	0.48079	0.065361	-0.47338	0.11326	-0.3447	0.57965	1	0.094025	-0.068917	0.11783	0.15704	0.55073	-0.29071	-0.016681	0.10013	0.094025	1	-0.38572	-0.16143	-0.09538	-0.29296	0.026687	-0.32735	0.36451	-0.068917	-0.38572	1	0.15047	0.4779	-0.52262	-0.19183	0.21794	0.48079	0.11783	-0.16143	0.15047	1	-0.22416	0.13604	-0.26115	-0.034161	0.065361	0.15704	-0.09538	0.4779	-0.22416	1
