1	-0.10301	0.0080634	0.036376	-0.072338	-0.041439	0.65637	0.30872	-0.0094438	-0.10301	1	0.39765	-0.24928	-0.73158	-0.23192	0.069198	-0.10649	-0.21209	0.0080634	0.39765	1	0.10204	-0.10531	0.1513	-0.020704	-0.19584	0.568	0.036376	-0.24928	0.10204	1	-0.088822	0.2579	0.18547	0.013908	-0.19186	-0.072338	-0.73158	-0.10531	-0.088822	1	0.44535	-0.26198	0.060923	0.46313	-0.041439	-0.23192	0.1513	0.2579	0.44535	1	0.023526	0.26987	0.36549	0.65637	0.069198	-0.020704	0.18547	-0.26198	0.023526	1	0.26159	-0.44753	0.30872	-0.10649	-0.19584	0.013908	0.060923	0.26987	0.26159	1	-0.060377	-0.0094438	-0.21209	0.568	-0.19186	0.46313	0.36549	-0.44753	-0.060377	1
