1	0.13848	-0.1931	0.44534	-0.48234	0.17124	-0.34563	-0.54637	-0.13276	0.13848	1	0.33836	0.14374	0.40554	-0.11315	-0.26378	0.18335	-0.1558	-0.1931	0.33836	1	-0.46994	0.37171	0.089461	0.0050765	0.49873	-0.1953	0.44534	0.14374	-0.46994	1	0.07815	0.14868	0.040177	-0.60567	0.19575	-0.48234	0.40554	0.37171	0.07815	1	0.21178	0.39749	0.52266	0.22658	0.17124	-0.11315	0.089461	0.14868	0.21178	1	0.67422	-0.037935	0.11708	-0.34563	-0.26378	0.0050765	0.040177	0.39749	0.67422	1	0.35909	0.25908	-0.54637	0.18335	0.49873	-0.60567	0.52266	-0.037935	0.35909	1	0.14177	-0.13276	-0.1558	-0.1953	0.19575	0.22658	0.11708	0.25908	0.14177	1
