1	0.15661	0.026711	0.090055	0.10579	-0.15996	-0.29563	0.10093	-0.47294	0.15661	1	0.20763	-0.12245	-0.29551	-0.34178	0.082625	0.45843	0.00084452	0.026711	0.20763	1	-0.28189	0.3044	0.2783	0.04463	0.023712	0.13468	0.090055	-0.12245	-0.28189	1	-0.27907	-0.034704	-0.057602	-0.10424	-0.68275	0.10579	-0.29551	0.3044	-0.27907	1	0.22828	0.27515	0.38242	0.011373	-0.15996	-0.34178	0.2783	-0.034704	0.22828	1	-0.080125	-0.10298	0.4414	-0.29563	0.082625	0.04463	-0.057602	0.27515	-0.080125	1	0.094043	-0.12893	0.10093	0.45843	0.023712	-0.10424	0.38242	-0.10298	0.094043	1	-0.14886	-0.47294	0.00084452	0.13468	-0.68275	0.011373	0.4414	-0.12893	-0.14886	1
