1	-0.004123	0.061934	-0.52385	0.1487	0.58772	-0.28849	-0.77548	-0.81138	-0.004123	1	-0.36024	0.31564	-0.056394	0.028261	-0.53057	0.12696	0.057582	0.061934	-0.36024	1	-0.020934	-0.25671	0.34911	-0.30134	-0.10301	-0.28451	-0.52385	0.31564	-0.020934	1	-0.089906	-0.24942	-0.10534	0.10008	0.32726	0.1487	-0.056394	-0.25671	-0.089906	1	-0.0043613	-0.12044	-0.056243	-0.12819	0.58772	0.028261	0.34911	-0.24942	-0.0043613	1	-0.49245	-0.38835	-0.53362	-0.28849	-0.53057	-0.30134	-0.10534	-0.12044	-0.49245	1	0.16904	0.49972	-0.77548	0.12696	-0.10301	0.10008	-0.056243	-0.38835	0.16904	1	0.83694	-0.81138	0.057582	-0.28451	0.32726	-0.12819	-0.53362	0.49972	0.83694	1
