1	0.31831	-0.031255	-0.1784	0.050906	-0.36447	-0.23167	-0.58699	0.054293	0.31831	1	0.052273	-0.29518	-0.18967	0.0090038	-0.040906	0.22423	-0.35643	-0.031255	0.052273	1	-0.17394	0.13	0.076037	0.0074146	0.18495	0.17478	-0.1784	-0.29518	-0.17394	1	-0.73461	-0.068954	-0.59402	-0.23544	0.65157	0.050906	-0.18967	0.13	-0.73461	1	0.010564	0.64008	-0.18989	-0.30609	-0.36447	0.0090038	0.076037	-0.068954	0.010564	1	-0.17911	0.20741	-0.098709	-0.23167	-0.040906	0.0074146	-0.59402	0.64008	-0.17911	1	0.27483	-0.5523	-0.58699	0.22423	0.18495	-0.23544	-0.18989	0.20741	0.27483	1	-0.56826	0.054293	-0.35643	0.17478	0.65157	-0.30609	-0.098709	-0.5523	-0.56826	1
