1	-0.19091	-0.30846	-0.58361	-0.29364	0.50738	-0.055212	-0.50976	0.20375	-0.19091	1	0.17085	0.25848	0.42261	-0.056015	-0.5527	0.041798	-0.098121	-0.30846	0.17085	1	0.070913	0.465	-0.12964	-0.053459	0.16952	-0.31847	-0.58361	0.25848	0.070913	1	0.41346	-0.22715	0.17491	0.53162	-0.42212	-0.29364	0.42261	0.465	0.41346	1	-0.17854	-0.26146	0.34999	-0.038146	0.50738	-0.056015	-0.12964	-0.22715	-0.17854	1	-0.16241	-0.55375	0.39925	-0.055212	-0.5527	-0.053459	0.17491	-0.26146	-0.16241	1	-0.10096	-0.41957	-0.50976	0.041798	0.16952	0.53162	0.34999	-0.55375	-0.10096	1	-0.27793	0.20375	-0.098121	-0.31847	-0.42212	-0.038146	0.39925	-0.41957	-0.27793	1
