1	0.020799	-0.25705	-0.1717	-0.014887	-0.14133	0.053856	0.026523	0.36399	0.020799	1	-0.099685	-0.547	-0.068877	0.17636	-0.39153	0.09956	0.12673	-0.25705	-0.099685	1	-0.099752	0.34394	0.17609	-0.049106	-0.67223	-0.32398	-0.1717	-0.547	-0.099752	1	-0.29297	-0.10495	0.1333	-0.12539	0.065218	-0.014887	-0.068877	0.34394	-0.29297	1	-0.062874	0.06694	-0.16663	0.33303	-0.14133	0.17636	0.17609	-0.10495	-0.062874	1	0.30804	-0.20874	0.13714	0.053856	-0.39153	-0.049106	0.1333	0.06694	0.30804	1	-0.030149	0.45616	0.026523	0.09956	-0.67223	-0.12539	-0.16663	-0.20874	-0.030149	1	-0.05068	0.36399	0.12673	-0.32398	0.065218	0.33303	0.13714	0.45616	-0.05068	1
