1	-0.13593	0.4002	0.12435	0.40649	0.48172	-0.27711	0.67253	0.22918	-0.13593	1	0.34586	-0.66365	-0.46307	-0.20603	0.032759	0.19534	-0.43835	0.4002	0.34586	1	-0.26932	-0.23544	0.49926	-0.28567	0.37218	0.023711	0.12435	-0.66365	-0.26932	1	0.4121	0.23356	-0.053956	0.12687	0.17068	0.40649	-0.46307	-0.23544	0.4121	1	0.17476	0.38156	0.24129	0.65626	0.48172	-0.20603	0.49926	0.23356	0.17476	1	-0.52204	0.17337	-0.039706	-0.27711	0.032759	-0.28567	-0.053956	0.38156	-0.52204	1	-0.062149	0.50195	0.67253	0.19534	0.37218	0.12687	0.24129	0.17337	-0.062149	1	0.30047	0.22918	-0.43835	0.023711	0.17068	0.65626	-0.039706	0.50195	0.30047	1
