1	0.12843	-0.11662	0.34815	-0.50289	-0.13387	0.44406	-0.49245	0.019788	0.12843	1	-0.46813	0.010946	0.075384	0.38125	-0.0011697	0.33431	0.20641	-0.11662	-0.46813	1	-0.15231	-0.09344	0.0023081	-0.52356	0.097243	0.46819	0.34815	0.010946	-0.15231	1	0.017115	-0.2891	0.11117	-0.36323	0.23565	-0.50289	0.075384	-0.09344	0.017115	1	0.5308	-0.20157	0.081359	0.34352	-0.13387	0.38125	0.0023081	-0.2891	0.5308	1	-0.27011	0.16424	0.52298	0.44406	-0.0011697	-0.52356	0.11117	-0.20157	-0.27011	1	-0.29192	-0.35585	-0.49245	0.33431	0.097243	-0.36323	0.081359	0.16424	-0.29192	1	0.22908	0.019788	0.20641	0.46819	0.23565	0.34352	0.52298	-0.35585	0.22908	1
