1	0.1407	0.69706	0.037073	-0.21683	0.34917	0.56215	0.17981	-0.29557	0.1407	1	0.18954	0.28914	-0.22465	0.29093	0.45673	0.28211	-0.49817	0.69706	0.18954	1	0.27874	-0.24425	0.048135	0.50217	-0.31181	-0.40135	0.037073	0.28914	0.27874	1	-0.34451	0.28325	-0.013489	-0.106	-0.55774	-0.21683	-0.22465	-0.24425	-0.34451	1	-0.419	-0.65749	0.28088	0.6161	0.34917	0.29093	0.048135	0.28325	-0.419	1	0.50635	0.41388	-0.5519	0.56215	0.45673	0.50217	-0.013489	-0.65749	0.50635	1	-0.08386	-0.44534	0.17981	0.28211	-0.31181	-0.106	0.28088	0.41388	-0.08386	1	-0.19734	-0.29557	-0.49817	-0.40135	-0.55774	0.6161	-0.5519	-0.44534	-0.19734	1
