1	0.27549	0.075517	0.060125	-0.76154	-0.19045	0.051394	0.36142	0.0034635	0.27549	1	0.13144	0.50163	-0.021724	-0.2639	-0.19839	-0.30931	0.7666	0.075517	0.13144	1	0.088563	-0.05949	0.3737	-0.3573	0.011636	0.28278	0.060125	0.50163	0.088563	1	-0.21129	-0.20017	-0.66243	-0.63087	0.57692	-0.76154	-0.021724	-0.05949	-0.21129	1	0.30817	0.27851	-0.37375	0.26824	-0.19045	-0.2639	0.3737	-0.20017	0.30817	1	0.33809	0.14901	0.19074	0.051394	-0.19839	-0.3573	-0.66243	0.27851	0.33809	1	0.52815	-0.26263	0.36142	-0.30931	0.011636	-0.63087	-0.37375	0.14901	0.52815	1	-0.51178	0.0034635	0.7666	0.28278	0.57692	0.26824	0.19074	-0.26263	-0.51178	1
