1	0.70451	-0.57126	-0.46429	0.29684	-0.14535	0.18394	0.43062	-0.21251	0.70451	1	-0.62205	-0.58733	0.47165	-0.071346	0.16493	0.052457	-0.23156	-0.57126	-0.62205	1	0.41896	-0.45081	-0.20167	-0.48618	-0.21276	0.25697	-0.46429	-0.58733	0.41896	1	-0.53923	0.002278	-0.23877	0.38593	-0.19156	0.29684	0.47165	-0.45081	-0.53923	1	-0.071968	0.090683	-0.14298	-0.2013	-0.14535	-0.071346	-0.20167	0.002278	-0.071968	1	0.56268	-0.058008	0.39674	0.18394	0.16493	-0.48618	-0.23877	0.090683	0.56268	1	0.1969	0.060375	0.43062	0.052457	-0.21276	0.38593	-0.14298	-0.058008	0.1969	1	-0.55347	-0.21251	-0.23156	0.25697	-0.19156	-0.2013	0.39674	0.060375	-0.55347	1
