1	0.42513	0.33276	-0.53656	-0.14767	0.33028	0.20176	0.095358	-0.073959	0.42513	1	0.068821	-0.31846	-0.073222	-0.12565	-0.24606	0.55196	0.08435	0.33276	0.068821	1	-0.73589	-0.38222	0.2353	0.6364	-0.26857	-0.4049	-0.53656	-0.31846	-0.73589	1	0.094028	-0.089037	-0.55606	-0.16782	0.06677	-0.14767	-0.073222	-0.38222	0.094028	1	0.014505	-0.035179	0.12711	0.31929	0.33028	-0.12565	0.2353	-0.089037	0.014505	1	0.36884	0.19002	-0.076629	0.20176	-0.24606	0.6364	-0.55606	-0.035179	0.36884	1	-0.11677	0.16381	0.095358	0.55196	-0.26857	-0.16782	0.12711	0.19002	-0.11677	1	0.43318	-0.073959	0.08435	-0.4049	0.06677	0.31929	-0.076629	0.16381	0.43318	1
