1	0.49011	-0.025876	-0.15719	-0.090536	0.3945	0.23839	0.0059397	0.071991	0.49011	1	0.085777	-0.076263	0.47074	0.14584	0.13941	-0.58773	0.32158	-0.025876	0.085777	1	-0.52155	-0.24089	0.11029	0.10986	0.053586	-0.084376	-0.15719	-0.076263	-0.52155	1	0.46671	-0.50366	0.12234	-0.42314	0.56479	-0.090536	0.47074	-0.24089	0.46671	1	-0.29547	-0.023516	-0.8692	0.55499	0.3945	0.14584	0.11029	-0.50366	-0.29547	1	0.24501	0.30304	-0.091738	0.23839	0.13941	0.10986	0.12234	-0.023516	0.24501	1	-0.15186	0.40689	0.0059397	-0.58773	0.053586	-0.42314	-0.8692	0.30304	-0.15186	1	-0.57847	0.071991	0.32158	-0.084376	0.56479	0.55499	-0.091738	0.40689	-0.57847	1
