1	0.3076	0.67368	0.16385	0.032469	-0.16802	0.4462	0.10859	-0.28416	0.3076	1	0.14381	0.14892	0.47083	-0.2068	0.61932	0.45427	-0.22373	0.67368	0.14381	1	0.50427	0.4057	-0.055247	0.26503	0.2023	-0.41968	0.16385	0.14892	0.50427	1	0.44291	0.63967	-0.051827	0.1312	0.25493	0.032469	0.47083	0.4057	0.44291	1	0.052566	0.30888	0.40775	-0.4231	-0.16802	-0.2068	-0.055247	0.63967	0.052566	1	-0.59873	-0.39775	0.70136	0.4462	0.61932	0.26503	-0.051827	0.30888	-0.59873	1	0.58448	-0.67736	0.10859	0.45427	0.2023	0.1312	0.40775	-0.39775	0.58448	1	-0.34098	-0.28416	-0.22373	-0.41968	0.25493	-0.4231	0.70136	-0.67736	-0.34098	1
