1	-0.77718	0.64826	-0.24566	0.10298	0.11319	-0.63522	-0.039053	-0.27183	-0.77718	1	-0.29098	-0.058499	-0.48328	0.043206	0.56498	0.19232	0.29557	0.64826	-0.29098	1	-0.41513	-0.029611	0.052793	-0.24253	-0.034005	0.053586	-0.24566	-0.058499	-0.41513	1	-0.086303	-0.2762	0.11006	-0.34533	-0.054597	0.10298	-0.48328	-0.029611	-0.086303	1	-0.19955	-0.058402	0.1358	0.14027	0.11319	0.043206	0.052793	-0.2762	-0.19955	1	-0.34305	-0.36597	-0.19725	-0.63522	0.56498	-0.24253	0.11006	-0.058402	-0.34305	1	0.0044943	0.13443	-0.039053	0.19232	-0.034005	-0.34533	0.1358	-0.36597	0.0044943	1	0.58171	-0.27183	0.29557	0.053586	-0.054597	0.14027	-0.19725	0.13443	0.58171	1
