1	0.41572	0.27184	0.086611	0.53087	-0.12788	-0.40762	0.15935	0.019211	0.41572	1	0.19652	-0.08559	0.08432	-0.0017494	-0.32308	0.092929	0.35027	0.27184	0.19652	1	0.51711	0.26255	0.19629	-0.42612	-0.63885	0.6534	0.086611	-0.08559	0.51711	1	0.30065	0.59551	-0.46871	-0.41187	0.46295	0.53087	0.08432	0.26255	0.30065	1	0.093654	-0.05773	-0.0036762	0.39666	-0.12788	-0.0017494	0.19629	0.59551	0.093654	1	-0.59539	-0.27056	0.34327	-0.40762	-0.32308	-0.42612	-0.46871	-0.05773	-0.59539	1	0.21353	-0.15386	0.15935	0.092929	-0.63885	-0.41187	-0.0036762	-0.27056	0.21353	1	-0.38634	0.019211	0.35027	0.6534	0.46295	0.39666	0.34327	-0.15386	-0.38634	1
