1	0.17071	0.47589	0.23613	0.2786	0.14294	-0.4492	0.21059	-0.32716	0.17071	1	-0.15049	0.28047	-0.071627	0.42533	-0.24068	0.66738	-0.78968	0.47589	-0.15049	1	0.44046	0.4047	0.38153	-0.55507	-0.061223	0.039072	0.23613	0.28047	0.44046	1	0.2254	0.36409	-0.59965	0.55759	-0.21625	0.2786	-0.071627	0.4047	0.2254	1	-0.15836	0.084959	0.1299	0.39547	0.14294	0.42533	0.38153	0.36409	-0.15836	1	-0.43409	0.50373	-0.51021	-0.4492	-0.24068	-0.55507	-0.59965	0.084959	-0.43409	1	-0.19278	0.34769	0.21059	0.66738	-0.061223	0.55759	0.1299	0.50373	-0.19278	1	-0.40407	-0.32716	-0.78968	0.039072	-0.21625	0.39547	-0.51021	0.34769	-0.40407	1
