1	0.00261	0.4345	0.6657	-0.03222	0.36277	-0.15862	0.16655	-0.39811	0.00261	1	-0.55775	-0.01638	-0.32603	-0.48066	-0.050633	0.5885	-0.0017061	0.4345	-0.55775	1	0.35929	-0.23214	0.31203	0.0762	-0.05401	-0.18437	0.6657	-0.01638	0.35929	1	0.10934	0.53898	-0.14672	0.11055	-0.41879	-0.03222	-0.32603	-0.23214	0.10934	1	0.52454	0.19729	-0.36685	-0.47238	0.36277	-0.48066	0.31203	0.53898	0.52454	1	-0.2106	-0.1408	-0.39364	-0.15862	-0.050633	0.0762	-0.14672	0.19729	-0.2106	1	-0.35955	-0.39	0.16655	0.5885	-0.05401	0.11055	-0.36685	-0.1408	-0.35955	1	0.25223	-0.39811	-0.0017061	-0.18437	-0.41879	-0.47238	-0.39364	-0.39	0.25223	1
