1	0.020026	0.16017	0.80186	-0.27414	-0.4074	0.084118	0.30962	-0.18102	0.020026	1	0.43652	0.28069	0.32027	-0.096782	0.18513	0.083404	-0.73086	0.16017	0.43652	1	0.23589	0.55408	0.10785	0.3977	0.44639	-0.39271	0.80186	0.28069	0.23589	1	-0.15526	-0.28989	0.017113	0.4088	-0.33113	-0.27414	0.32027	0.55408	-0.15526	1	0.63221	-0.28869	-0.216	-0.15652	-0.4074	-0.096782	0.10785	-0.28989	0.63221	1	-0.41897	-0.1457	0.37854	0.084118	0.18513	0.3977	0.017113	-0.28869	-0.41897	1	0.5498	-0.17478	0.30962	0.083404	0.44639	0.4088	-0.216	-0.1457	0.5498	1	0.01806	-0.18102	-0.73086	-0.39271	-0.33113	-0.15652	0.37854	-0.17478	0.01806	1
