1	-0.10717	-0.15636	0.1008	0.34554	-0.12061	0.19566	-0.31407	-0.33092	-0.10717	1	-0.21209	-0.14073	-0.79851	-0.29245	-0.33302	0.41243	-0.18698	-0.15636	-0.21209	1	0.73601	0.18393	0.47864	0.16794	-0.6102	0.47486	0.1008	-0.14073	0.73601	1	0.27264	0.64225	0.37979	-0.69466	0.2623	0.34554	-0.79851	0.18393	0.27264	1	0.20294	0.6258	-0.55325	-0.20749	-0.12061	-0.29245	0.47864	0.64225	0.20294	1	0.067411	-0.66147	0.2549	0.19566	-0.33302	0.16794	0.37979	0.6258	0.067411	1	-0.2198	0.084678	-0.31407	0.41243	-0.6102	-0.69466	-0.55325	-0.66147	-0.2198	1	-0.064231	-0.33092	-0.18698	0.47486	0.2623	-0.20749	0.2549	0.084678	-0.064231	1
