1	0.67642	0.2586	-0.26394	0.071048	0.49933	0.094296	-0.11191	0.70632	0.67642	1	-0.20957	-0.16345	0.077622	0.7376	0.40077	-0.30705	0.39447	0.2586	-0.20957	1	0.53972	-0.15704	-0.20697	-0.27743	0.51612	-0.05288	-0.26394	-0.16345	0.53972	1	-0.4439	-0.13648	-0.19717	0.37376	-0.44085	0.071048	0.077622	-0.15704	-0.4439	1	0.11876	-0.22727	0.2326	0.26276	0.49933	0.7376	-0.20697	-0.13648	0.11876	1	0.18081	-0.19505	0.52092	0.094296	0.40077	-0.27743	-0.19717	-0.22727	0.18081	1	-0.14652	-0.16807	-0.11191	-0.30705	0.51612	0.37376	0.2326	-0.19505	-0.14652	1	-0.39056	0.70632	0.39447	-0.05288	-0.44085	0.26276	0.52092	-0.16807	-0.39056	1
