1	0.35873	-0.1121	0.016573	0.2583	0.45287	-0.37304	-0.02692	-0.0083632	0.35873	1	0.17841	-0.19518	-0.031585	0.22767	-0.27119	-0.0092729	-0.17498	-0.1121	0.17841	1	-0.54466	0.26958	0.21908	0.065232	0.15473	-0.63051	0.016573	-0.19518	-0.54466	1	0.19386	-0.20814	-0.26804	-0.59135	-0.11499	0.2583	-0.031585	0.26958	0.19386	1	0.41845	-0.31508	-0.07471	-0.31992	0.45287	0.22767	0.21908	-0.20814	0.41845	1	0.17399	0.40331	-0.052015	-0.37304	-0.27119	0.065232	-0.26804	-0.31508	0.17399	1	0.36834	0.018032	-0.02692	-0.0092729	0.15473	-0.59135	-0.07471	0.40331	0.36834	1	0.46622	-0.0083632	-0.17498	-0.63051	-0.11499	-0.31992	-0.052015	0.018032	0.46622	1
