1	-0.10011	0.51188	-0.3167	0.088517	-0.53138	0.017982	-0.28688	-0.081465	-0.10011	1	0.35027	-0.53244	0.45355	0.020372	0.033048	0.083837	-0.042123	0.51188	0.35027	1	-0.095347	0.67231	-0.1576	0.046259	-0.51068	-0.58738	-0.3167	-0.53244	-0.095347	1	0.0015674	0.48855	-0.0095082	-0.29203	0.0061193	0.088517	0.45355	0.67231	0.0015674	1	0.04242	-0.32456	-0.45838	-0.40685	-0.53138	0.020372	-0.1576	0.48855	0.04242	1	0.30216	-0.27751	0.15635	0.017982	0.033048	0.046259	-0.0095082	-0.32456	0.30216	1	-0.39917	0.018965	-0.28688	0.083837	-0.51068	-0.29203	-0.45838	-0.27751	-0.39917	1	0.35386	-0.081465	-0.042123	-0.58738	0.0061193	-0.40685	0.15635	0.018965	0.35386	1
