1	0.0035837	0.12364	-0.0046305	0.33442	0.5737	0.31508	-0.29923	0.18552	0.0035837	1	-0.040853	-0.24526	-0.43006	-0.047969	0.12864	0.12165	0.18357	0.12364	-0.040853	1	-0.37531	-0.3443	-0.22943	-0.22099	0.42719	0.76051	-0.0046305	-0.24526	-0.37531	1	-0.28917	0.62835	-0.12761	-0.48486	-0.15705	0.33442	-0.43006	-0.3443	-0.28917	1	0.050536	0.49475	-0.16325	-0.43517	0.5737	-0.047969	-0.22943	0.62835	0.050536	1	0.25364	-0.42629	-0.17834	0.31508	0.12864	-0.22099	-0.12761	0.49475	0.25364	1	0.036253	-0.20214	-0.29923	0.12165	0.42719	-0.48486	-0.16325	-0.42629	0.036253	1	0.33207	0.18552	0.18357	0.76051	-0.15705	-0.43517	-0.17834	-0.20214	0.33207	1
