1	-0.0015444	-0.22223	0.07279	0.11726	0.30061	0.14597	-0.39444	0.046252	-0.0015444	1	0.1974	-0.56688	0.1233	-0.75304	-0.71198	-0.079991	0.87608	-0.22223	0.1974	1	-0.080972	0.2911	-0.2904	0.23497	0.23299	0.28863	0.07279	-0.56688	-0.080972	1	-0.15775	0.51939	0.53812	0.061642	-0.64159	0.11726	0.1233	0.2911	-0.15775	1	-0.40201	0.36104	0.53616	0.45063	0.30061	-0.75304	-0.2904	0.51939	-0.40201	1	0.50113	-0.073864	-0.73707	0.14597	-0.71198	0.23497	0.53812	0.36104	0.50113	1	0.32689	-0.48565	-0.39444	-0.079991	0.23299	0.061642	0.53616	-0.073864	0.32689	1	0.22813	0.046252	0.87608	0.28863	-0.64159	0.45063	-0.73707	-0.48565	0.22813	1
