1	-0.079789	0.39626	0.36046	0.029449	-0.32068	-0.39109	0.52021	0.29012	-0.079789	1	0.084899	-0.095178	0.1807	0.028517	0.1204	0.25673	-0.34526	0.39626	0.084899	1	0.38698	0.41614	-0.4061	-0.38949	0.27438	-0.15925	0.36046	-0.095178	0.38698	1	-0.0066937	0.1684	-0.039205	0.12691	0.50786	0.029449	0.1807	0.41614	-0.0066937	1	-0.25103	0.41946	0.23353	0.17431	-0.32068	0.028517	-0.4061	0.1684	-0.25103	1	-0.069366	-0.65282	-0.1332	-0.39109	0.1204	-0.38949	-0.039205	0.41946	-0.069366	1	0.064664	0.52046	0.52021	0.25673	0.27438	0.12691	0.23353	-0.65282	0.064664	1	0.41824	0.29012	-0.34526	-0.15925	0.50786	0.17431	-0.1332	0.52046	0.41824	1
