1	-0.12526	0.27795	0.65228	-0.13356	0.086341	-0.017877	-0.24951	0.41093	-0.12526	1	-0.27372	-0.045755	-0.50868	-0.44894	0.040292	-0.18237	0.30394	0.27795	-0.27372	1	0.3074	0.65208	0.0084416	-0.23418	-0.090666	-0.20654	0.65228	-0.045755	0.3074	1	0.081903	0.2944	-0.46356	-0.13717	0.24727	-0.13356	-0.50868	0.65208	0.081903	1	-0.096005	-0.21555	0.017992	-0.57562	0.086341	-0.44894	0.0084416	0.2944	-0.096005	1	-0.44011	-0.09402	0.2478	-0.017877	0.040292	-0.23418	-0.46356	-0.21555	-0.44011	1	-0.25469	-0.15423	-0.24951	-0.18237	-0.090666	-0.13717	0.017992	-0.09402	-0.25469	1	-0.33249	0.41093	0.30394	-0.20654	0.24727	-0.57562	0.2478	-0.15423	-0.33249	1
