1	0.48139	0.36322	0.23724	0.22138	0.23201	0.5387	0.249	-0.29455	0.48139	1	0.72458	0.036993	-0.018943	-0.16372	0.53462	-0.32016	-0.34109	0.36322	0.72458	1	-0.24088	0.087527	0.40223	0.47954	-0.2036	0.062787	0.23724	0.036993	-0.24088	1	0.0081986	-0.29616	0.391	0.35384	-0.58916	0.22138	-0.018943	0.087527	0.0081986	1	0.14066	0.16972	0.18281	0.17725	0.23201	-0.16372	0.40223	-0.29616	0.14066	1	0.15881	0.38039	0.5871	0.5387	0.53462	0.47954	0.391	0.16972	0.15881	1	0.064184	-0.42466	0.249	-0.32016	-0.2036	0.35384	0.18281	0.38039	0.064184	1	0.31897	-0.29455	-0.34109	0.062787	-0.58916	0.17725	0.5871	-0.42466	0.31897	1
