1	-0.10747	-0.19663	-0.48286	-0.24777	0.15872	-0.28692	0.49989	0.41056	-0.10747	1	0.41737	0.21196	-0.24542	0.15294	0.39623	0.1884	-0.21019	-0.19663	0.41737	1	0.070956	-0.18881	0.62385	0.27347	-0.275	0.041821	-0.48286	0.21196	0.070956	1	0.30764	0.25915	0.12068	-0.40138	-0.2193	-0.24777	-0.24542	-0.18881	0.30764	1	0.16874	0.225	-0.58446	0.50575	0.15872	0.15294	0.62385	0.25915	0.16874	1	0.30747	-0.41038	0.45107	-0.28692	0.39623	0.27347	0.12068	0.225	0.30747	1	-0.54539	0.26287	0.49989	0.1884	-0.275	-0.40138	-0.58446	-0.41038	-0.54539	1	-0.35783	0.41056	-0.21019	0.041821	-0.2193	0.50575	0.45107	0.26287	-0.35783	1
