1	-0.12243	0.38865	-0.4391	0.12496	-0.070994	0.30661	-0.22521	0.12894	-0.12243	1	-0.095697	0.014258	-0.10999	0.037572	0.19171	-0.041005	-0.53892	0.38865	-0.095697	1	-0.32206	-0.004383	0.2935	0.29736	0.33003	0.32924	-0.4391	0.014258	-0.32206	1	0.14794	-0.072767	-0.7891	-0.097991	-0.16443	0.12496	-0.10999	-0.004383	0.14794	1	-0.45464	-0.44335	-0.54025	-0.2501	-0.070994	0.037572	0.2935	-0.072767	-0.45464	1	0.3135	0.78954	0.013715	0.30661	0.19171	0.29736	-0.7891	-0.44335	0.3135	1	0.21515	-0.18948	-0.22521	-0.041005	0.33003	-0.097991	-0.54025	0.78954	0.21515	1	0.27716	0.12894	-0.53892	0.32924	-0.16443	-0.2501	0.013715	-0.18948	0.27716	1
