1	-0.054536	-0.1977	-0.45481	-0.11044	-0.26861	0.24081	0.32579	0.23611	-0.054536	1	0.51636	0.43895	0.64966	0.63361	-0.59074	0.16427	-0.48007	-0.1977	0.51636	1	0.38429	0.091905	0.67135	-0.19913	-0.28468	-0.44944	-0.45481	0.43895	0.38429	1	0.50002	0.65677	-0.61223	-0.42155	-0.68649	-0.11044	0.64966	0.091905	0.50002	1	0.32149	-0.7327	-0.11165	-0.60991	-0.26861	0.63361	0.67135	0.65677	0.32149	1	-0.2377	-0.29784	-0.78709	0.24081	-0.59074	-0.19913	-0.61223	-0.7327	-0.2377	1	0.18134	0.3773	0.32579	0.16427	-0.28468	-0.42155	-0.11165	-0.29784	0.18134	1	0.39338	0.23611	-0.48007	-0.44944	-0.68649	-0.60991	-0.78709	0.3773	0.39338	1
