1	-0.51709	-0.38808	-0.68825	-0.28583	-0.58099	-0.23481	0.33014	-0.47672	-0.51709	1	-0.28843	0.44125	-0.18329	0.60892	-0.16789	-0.31383	0.04171	-0.38808	-0.28843	1	0.078029	0.43889	-0.0021942	0.36456	0.19658	0.51187	-0.68825	0.44125	0.078029	1	0.30066	0.55872	0.32359	-0.22073	0.52988	-0.28583	-0.18329	0.43889	0.30066	1	0.25132	0.45864	0.53252	0.80193	-0.58099	0.60892	-0.0021942	0.55872	0.25132	1	0.24181	0.19439	0.528	-0.23481	-0.16789	0.36456	0.32359	0.45864	0.24181	1	0.22846	0.75105	0.33014	-0.31383	0.19658	-0.22073	0.53252	0.19439	0.22846	1	0.37396	-0.47672	0.04171	0.51187	0.52988	0.80193	0.528	0.75105	0.37396	1
