1	-0.015477	0.3269	-0.71366	-0.43141	0.17543	0.093917	0.15003	-0.0025379	-0.015477	1	0.10551	0.41606	-0.21676	0.34378	-0.44146	-0.044119	-0.13557	0.3269	0.10551	1	0.044002	0.24016	0.1025	-0.61884	0.48487	-0.10632	-0.71366	0.41606	0.044002	1	0.29494	0.05068	-0.4457	0.10395	-0.32008	-0.43141	-0.21676	0.24016	0.29494	1	0.015751	-0.47954	0.2841	0.53301	0.17543	0.34378	0.1025	0.05068	0.015751	1	0.052271	0.086174	0.48801	0.093917	-0.44146	-0.61884	-0.4457	-0.47954	0.052271	1	-0.1954	0.068616	0.15003	-0.044119	0.48487	0.10395	0.2841	0.086174	-0.1954	1	-0.089216	-0.0025379	-0.13557	-0.10632	-0.32008	0.53301	0.48801	0.068616	-0.089216	1
