1	-0.053892	-0.048175	-0.07063	0.0012622	0.20083	0.12958	0.048148	-0.41569	-0.053892	1	0.43628	0.04744	0.28858	0.68835	-0.067155	0.056493	-0.43882	-0.048175	0.43628	1	-0.12735	0.28104	0.67199	0.14905	-0.42947	-0.46454	-0.07063	0.04744	-0.12735	1	-0.27937	-0.24348	0.45355	0.50704	0.64267	0.0012622	0.28858	0.28104	-0.27937	1	0.13217	0.32078	-0.17309	-0.44687	0.20083	0.68835	0.67199	-0.24348	0.13217	1	-0.18435	-0.17528	-0.73741	0.12958	-0.067155	0.14905	0.45355	0.32078	-0.18435	1	0.12696	0.12697	0.048148	0.056493	-0.42947	0.50704	-0.17309	-0.17528	0.12696	1	0.23504	-0.41569	-0.43882	-0.46454	0.64267	-0.44687	-0.73741	0.12697	0.23504	1
