1	-0.31782	0.22932	0.53139	-0.071984	-0.67641	0.41064	-0.30356	-0.43986	-0.31782	1	0.037473	-0.40473	-0.31697	0.48329	-0.72997	-0.017911	0.73466	0.22932	0.037473	1	0.1467	0.029517	0.034172	0.076362	-0.44364	-0.020381	0.53139	-0.40473	0.1467	1	-0.35553	-0.079929	0.55058	0.028286	-0.26024	-0.071984	-0.31697	0.029517	-0.35553	1	-0.1782	-0.068148	-0.01076	-0.62759	-0.67641	0.48329	0.034172	-0.079929	-0.1782	1	-0.57764	-0.023744	0.40632	0.41064	-0.72997	0.076362	0.55058	-0.068148	-0.57764	1	0.25853	-0.34877	-0.30356	-0.017911	-0.44364	0.028286	-0.01076	-0.023744	0.25853	1	0.20393	-0.43986	0.73466	-0.020381	-0.26024	-0.62759	0.40632	-0.34877	0.20393	1
