1	0.31001	0.092128	-0.24595	0.4015	0.30465	-0.58995	0.16383	-0.18861	0.31001	1	-0.65145	0.30703	-0.13023	0.29049	-0.43846	0.1595	-0.078839	0.092128	-0.65145	1	-0.45718	0.14602	-0.17456	0.092054	0.1156	0.13419	-0.24595	0.30703	-0.45718	1	-0.52001	0.40978	-0.1953	-0.31932	-0.032508	0.4015	-0.13023	0.14602	-0.52001	1	0.083161	-0.057653	-0.49536	0.24216	0.30465	0.29049	-0.17456	0.40978	0.083161	1	-0.095542	-0.31728	-0.36643	-0.58995	-0.43846	0.092054	-0.1953	-0.057653	-0.095542	1	0.019726	-0.18942	0.16383	0.1595	0.1156	-0.31932	-0.49536	-0.31728	0.019726	1	-0.43158	-0.18861	-0.078839	0.13419	-0.032508	0.24216	-0.36643	-0.18942	-0.43158	1
