1	0.40665	-0.088556	-0.37098	-0.45669	0.14604	0.029744	-0.54778	0.44059	0.40665	1	0.35312	0.064321	-0.28148	0.37443	0.24331	-0.22654	0.13404	-0.088556	0.35312	1	-0.040759	0.12337	0.069658	0.68056	-0.097207	-0.46202	-0.37098	0.064321	-0.040759	1	0.23616	-0.14611	0.23153	0.49702	-0.70055	-0.45669	-0.28148	0.12337	0.23616	1	0.47523	0.086038	0.42019	-0.47548	0.14604	0.37443	0.069658	-0.14611	0.47523	1	-0.2129	-0.075504	0.20237	0.029744	0.24331	0.68056	0.23153	0.086038	-0.2129	1	-0.18362	-0.57827	-0.54778	-0.22654	-0.097207	0.49702	0.42019	-0.075504	-0.18362	1	-0.30672	0.44059	0.13404	-0.46202	-0.70055	-0.47548	0.20237	-0.57827	-0.30672	1
