1	-0.17273	0.29648	0.39101	-0.45978	-0.0232	-0.56528	0.37577	-0.25755	-0.17273	1	-0.24468	-0.082947	-0.093664	0.33671	0.11243	0.0499	0.22184	0.29648	-0.24468	1	0.27636	0.17824	-0.56965	-0.3005	0.057871	-0.4125	0.39101	-0.082947	0.27636	1	0.15888	0.021847	-0.80704	0.77546	-0.55381	-0.45978	-0.093664	0.17824	0.15888	1	-0.33877	-0.081553	0.10515	-0.44347	-0.0232	0.33671	-0.56965	0.021847	-0.33877	1	0.15898	0.16057	0.64252	-0.56528	0.11243	-0.3005	-0.80704	-0.081553	0.15898	1	-0.87106	0.7214	0.37577	0.0499	0.057871	0.77546	0.10515	0.16057	-0.87106	1	-0.44949	-0.25755	0.22184	-0.4125	-0.55381	-0.44347	0.64252	0.7214	-0.44949	1
