1	-0.051957	-0.17331	0.039525	0.49267	-0.19168	0.33027	0.075961	-0.42602	-0.051957	1	-0.14653	-0.24496	-0.42346	0.26959	-0.036926	-0.72977	0.50351	-0.17331	-0.14653	1	-0.69005	0.14808	-0.038226	-0.39968	0.14011	0.25539	0.039525	-0.24496	-0.69005	1	-0.049255	0.13319	0.078833	0.39026	-0.41281	0.49267	-0.42346	0.14808	-0.049255	1	-0.41006	-0.1743	0.50646	-0.72521	-0.19168	0.26959	-0.038226	0.13319	-0.41006	1	-0.23675	-0.22655	0.29651	0.33027	-0.036926	-0.39968	0.078833	-0.1743	-0.23675	1	-0.27314	0.26844	0.075961	-0.72977	0.14011	0.39026	0.50646	-0.22655	-0.27314	1	-0.52933	-0.42602	0.50351	0.25539	-0.41281	-0.72521	0.29651	0.26844	-0.52933	1
