1	0.32906	-0.10302	0.346	0.083079	-0.24508	0.14452	0.00025361	0.71264	0.32906	1	-0.6304	-0.049926	-0.51341	0.059729	0.17573	-0.3035	0.13207	-0.10302	-0.6304	1	0.024116	0.69523	0.17954	-0.52801	0.12051	-0.15756	0.346	-0.049926	0.024116	1	0.32429	-0.52967	-0.025746	-0.346	0.60767	0.083079	-0.51341	0.69523	0.32429	1	0.14496	-0.46704	0.34861	0.058763	-0.24508	0.059729	0.17954	-0.52967	0.14496	1	0.075193	-0.0058879	-0.31765	0.14452	0.17573	-0.52801	-0.025746	-0.46704	0.075193	1	-0.22456	0.14253	0.00025361	-0.3035	0.12051	-0.346	0.34861	-0.0058879	-0.22456	1	-0.21219	0.71264	0.13207	-0.15756	0.60767	0.058763	-0.31765	0.14253	-0.21219	1
