1	-0.32069	-0.62298	0.24994	-0.173	0.74169	0.53189	-0.27574	0.24633	-0.32069	1	-0.28015	-0.47199	0.39565	-0.13668	-0.26152	-0.13551	0.24471	-0.62298	-0.28015	1	-0.077985	0.18303	-0.25989	-0.090776	0.52499	-0.2919	0.24994	-0.47199	-0.077985	1	0.2167	-0.095368	0.3294	-0.40908	-0.21363	-0.173	0.39565	0.18303	0.2167	1	-0.17485	0.40453	-0.13754	-0.14281	0.74169	-0.13668	-0.25989	-0.095368	-0.17485	1	0.36508	0.17127	0.49491	0.53189	-0.26152	-0.090776	0.3294	0.40453	0.36508	1	-0.010561	0.29716	-0.27574	-0.13551	0.52499	-0.40908	-0.13754	0.17127	-0.010561	1	0.11708	0.24633	0.24471	-0.2919	-0.21363	-0.14281	0.49491	0.29716	0.11708	1
