1	-0.58992	-0.44073	-0.20497	0.74493	0.1378	0.47617	0.089834	-0.44587	-0.58992	1	0.45803	0.60362	-0.5634	-0.10501	0.028208	0.16809	0.62489	-0.44073	0.45803	1	-0.051649	-0.57728	0.22579	-0.35992	0.51333	0.061411	-0.20497	0.60362	-0.051649	1	-0.19464	-0.36592	0.40527	-0.051809	0.39547	0.74493	-0.5634	-0.57728	-0.19464	1	0.32642	0.4968	-0.25006	-0.40978	0.1378	-0.10501	0.22579	-0.36592	0.32642	1	-0.07337	0.47763	-0.33949	0.47617	0.028208	-0.35992	0.40527	0.4968	-0.07337	1	0.11376	0.26835	0.089834	0.16809	0.51333	-0.051809	-0.25006	0.47763	0.11376	1	-0.12699	-0.44587	0.62489	0.061411	0.39547	-0.40978	-0.33949	0.26835	-0.12699	1
