1	0.00057809	-0.061986	0.15413	-0.13052	0.1058	0.091466	0.038881	0.35588	0.00057809	1	0.28031	-0.26216	0.34964	0.57717	0.33404	0.16537	0.14198	-0.061986	0.28031	1	-0.51453	0.69058	0.2157	0.30074	-0.058215	-0.15034	0.15413	-0.26216	-0.51453	1	-0.40475	-0.16024	-0.02255	0.27706	0.29564	-0.13052	0.34964	0.69058	-0.40475	1	0.092929	0.61466	-0.008756	-0.23314	0.1058	0.57717	0.2157	-0.16024	0.092929	1	0.091941	0.13179	0.3727	0.091466	0.33404	0.30074	-0.02255	0.61466	0.091941	1	0.37112	0.31749	0.038881	0.16537	-0.058215	0.27706	-0.008756	0.13179	0.37112	1	0.35173	0.35588	0.14198	-0.15034	0.29564	-0.23314	0.3727	0.31749	0.35173	1
