1	0.33814	-0.19482	-0.029832	-0.57203	-0.030561	-0.24351	0.033341	0.42674	0.33814	1	-0.10833	0.12236	-0.51303	0.63835	-0.22468	-0.0055406	0.068648	-0.19482	-0.10833	1	0.68651	0.026895	0.23796	0.001522	-0.47002	-0.40452	-0.029832	0.12236	0.68651	1	-0.015936	0.4003	0.3859	-0.58355	-0.14202	-0.57203	-0.51303	0.026895	-0.015936	1	0.14539	0.55795	0.34854	-0.5473	-0.030561	0.63835	0.23796	0.4003	0.14539	1	0.33684	0.23349	-0.48602	-0.24351	-0.22468	0.001522	0.3859	0.55795	0.33684	1	0.21543	-0.29581	0.033341	-0.0055406	-0.47002	-0.58355	0.34854	0.23349	0.21543	1	-0.19383	0.42674	0.068648	-0.40452	-0.14202	-0.5473	-0.48602	-0.29581	-0.19383	1
