1	0.13648	0.47803	0.080471	-0.36792	-0.5992	0.21738	-0.065411	0.40841	0.13648	1	-0.10367	-0.1634	0.00097623	-0.090866	0.35328	-0.65288	-0.27001	0.47803	-0.10367	1	0.11022	0.080848	-0.47463	-0.15042	-0.22834	-0.027133	0.080471	-0.1634	0.11022	1	-0.35311	-0.099198	-0.5052	0.0056498	0.66028	-0.36792	0.00097623	0.080848	-0.35311	1	0.3762	0.20834	-0.36354	-0.54794	-0.5992	-0.090866	-0.47463	-0.099198	0.3762	1	0.23287	0.15242	-0.2174	0.21738	0.35328	-0.15042	-0.5052	0.20834	0.23287	1	-0.24881	-0.15572	-0.065411	-0.65288	-0.22834	0.0056498	-0.36354	0.15242	-0.24881	1	0.27236	0.40841	-0.27001	-0.027133	0.66028	-0.54794	-0.2174	-0.15572	0.27236	1
