1	0.036461	-0.03443	0.0049476	-0.65876	0.44542	0.50738	-0.17964	-0.39028	0.036461	1	-0.36786	0.25369	-0.10361	0.097923	0.50259	-0.15276	-0.11492	-0.03443	-0.36786	1	0.39478	-0.18019	-0.5957	0.11127	-0.010609	0.22844	0.0049476	0.25369	0.39478	1	-0.35322	0.022712	0.48052	0.026751	0.35969	-0.65876	-0.10361	-0.18019	-0.35322	1	-0.22478	-0.52003	0.52984	0.2579	0.44542	0.097923	-0.5957	0.022712	-0.22478	1	0.3044	0.0099641	-0.057084	0.50738	0.50259	0.11127	0.48052	-0.52003	0.3044	1	-0.26292	-0.0032294	-0.17964	-0.15276	-0.010609	0.026751	0.52984	0.0099641	-0.26292	1	0.17499	-0.39028	-0.11492	0.22844	0.35969	0.2579	-0.057084	-0.0032294	0.17499	1
