1	0.14451	-0.11031	0.34522	0.55543	-0.35131	-0.020841	-0.18906	0.25877	0.14451	1	-0.036125	0.37625	0.36037	-0.059725	0.19299	0.01778	-0.27548	-0.11031	-0.036125	1	-0.54202	0.18857	0.052123	-0.62359	0.26018	-0.28307	0.34522	0.37625	-0.54202	1	0.36166	-0.16447	0.55858	-0.35845	0.20688	0.55543	0.36037	0.18857	0.36166	1	-0.33816	0.057329	-0.067613	-0.12113	-0.35131	-0.059725	0.052123	-0.16447	-0.33816	1	0.15538	0.58163	0.20946	-0.020841	0.19299	-0.62359	0.55858	0.057329	0.15538	1	0.016453	0.61634	-0.18906	0.01778	0.26018	-0.35845	-0.067613	0.58163	0.016453	1	0.20829	0.25877	-0.27548	-0.28307	0.20688	-0.12113	0.20946	0.61634	0.20829	1
