1	0.26789	-0.12618	0.42294	0.23993	-0.0075959	-0.30083	0.18982	-0.39887	0.26789	1	0.78493	0.32632	0.31985	0.29375	0.19936	-0.0046119	-0.36698	-0.12618	0.78493	1	-0.22939	0.22675	0.42898	0.51909	-0.28502	-0.0065482	0.42294	0.32632	-0.22939	1	-0.033354	-0.30751	-0.4518	0.24173	-0.63449	0.23993	0.31985	0.22675	-0.033354	1	0.68591	-0.22509	0.73134	-0.0066816	-0.0075959	0.29375	0.42898	-0.30751	0.68591	1	0.31208	0.1352	0.001822	-0.30083	0.19936	0.51909	-0.4518	-0.22509	0.31208	1	-0.62683	-0.17016	0.18982	-0.0046119	-0.28502	0.24173	0.73134	0.1352	-0.62683	1	0.076893	-0.39887	-0.36698	-0.0065482	-0.63449	-0.0066816	0.001822	-0.17016	0.076893	1
