1	-0.011771	0.17262	0.015377	-0.28583	0.036688	-0.2658	0.19314	-0.3441	-0.011771	1	-0.23189	-0.31318	-0.078845	-0.32747	0.055839	0.52614	-0.21191	0.17262	-0.23189	1	0.36331	-0.13826	0.025187	0.43255	0.035825	-0.32709	0.015377	-0.31318	0.36331	1	0.16454	-0.19295	-0.035333	-0.27786	-0.63385	-0.28583	-0.078845	-0.13826	0.16454	1	0.012185	0.3512	-0.45163	0.050186	0.036688	-0.32747	0.025187	-0.19295	0.012185	1	-0.31698	-0.45156	0.44499	-0.2658	0.055839	0.43255	-0.035333	0.3512	-0.31698	1	0.32013	-0.010953	0.19314	0.52614	0.035825	-0.27786	-0.45163	-0.45156	0.32013	1	-0.34469	-0.3441	-0.21191	-0.32709	-0.63385	0.050186	0.44499	-0.010953	-0.34469	1
