1	-0.731	0.46256	0.49344	0.5588	-0.11674	0.47118	-0.65294	0.64425	-0.731	1	-0.33634	-0.53865	-0.52283	0.40229	-0.62587	0.32633	-0.64274	0.46256	-0.33634	1	0.46676	0.14155	-0.16216	0.44738	-0.58184	0.24288	0.49344	-0.53865	0.46676	1	0.43795	-0.35625	0.45005	-0.42987	0.41106	0.5588	-0.52283	0.14155	0.43795	1	-0.47586	0.5694	-0.62637	0.39168	-0.11674	0.40229	-0.16216	-0.35625	-0.47586	1	-0.31489	0.030136	-0.010241	0.47118	-0.62587	0.44738	0.45005	0.5694	-0.31489	1	-0.24092	0.53766	-0.65294	0.32633	-0.58184	-0.42987	-0.62637	0.030136	-0.24092	1	-0.30982	0.64425	-0.64274	0.24288	0.41106	0.39168	-0.010241	0.53766	-0.30982	1
