1	0.0059059	-0.4063	0.12023	-0.29366	-0.37266	0.044613	-0.21459	0.41644	0.0059059	1	-0.6219	-0.18556	0.07803	0.43974	-0.357	-0.42015	-0.39972	-0.4063	-0.6219	1	0.15842	0.31887	0.059084	0.37289	0.29517	-0.0038325	0.12023	-0.18556	0.15842	1	0.25402	-0.66753	0.12069	-0.25895	-0.029294	-0.29366	0.07803	0.31887	0.25402	1	0.13795	-0.25909	-0.63501	-0.67843	-0.37266	0.43974	0.059084	-0.66753	0.13795	1	-0.083143	-0.13653	-0.32312	0.044613	-0.357	0.37289	0.12069	-0.25909	-0.083143	1	0.24762	0.51041	-0.21459	-0.42015	0.29517	-0.25895	-0.63501	-0.13653	0.24762	1	0.58398	0.41644	-0.39972	-0.0038325	-0.029294	-0.67843	-0.32312	0.51041	0.58398	1
