1	0.006947	-0.26497	-0.13106	-0.10928	0.32575	0.51839	0.26016	0.39596	0.006947	1	-0.037777	-0.49682	-0.17626	-0.11129	0.22697	-0.16598	-0.15983	-0.26497	-0.037777	1	-0.42319	0.73364	0.048394	0.15255	0.29206	-0.6085	-0.13106	-0.49682	-0.42319	1	-0.034258	0.18809	-0.4514	-0.26999	0.38312	-0.10928	-0.17626	0.73364	-0.034258	1	0.44173	0.35413	0.37093	-0.36197	0.32575	-0.11129	0.048394	0.18809	0.44173	1	0.0924	0.04581	0.24652	0.51839	0.22697	0.15255	-0.4514	0.35413	0.0924	1	0.302	-0.16284	0.26016	-0.16598	0.29206	-0.26999	0.37093	0.04581	0.302	1	0.30328	0.39596	-0.15983	-0.6085	0.38312	-0.36197	0.24652	-0.16284	0.30328	1
