1	-0.17192	0.09657	-0.14755	0.11049	-0.26177	0.29628	-0.39722	0.51982	-0.17192	1	0.12022	-0.22376	0.090196	0.39242	-0.46047	-0.51256	0.086761	0.09657	0.12022	1	0.091202	-0.57737	-0.23981	0.030384	-0.44839	0.48656	-0.14755	-0.22376	0.091202	1	-0.44675	0.10038	0.10564	0.46446	-0.39638	0.11049	0.090196	-0.57737	-0.44675	1	0.45603	-0.32284	0.11435	-0.018168	-0.26177	0.39242	-0.23981	0.10038	0.45603	1	-0.242	0.22738	-0.33905	0.29628	-0.46047	0.030384	0.10564	-0.32284	-0.242	1	-0.083102	0.14693	-0.39722	-0.51256	-0.44839	0.46446	0.11435	0.22738	-0.083102	1	-0.59888	0.51982	0.086761	0.48656	-0.39638	-0.018168	-0.33905	0.14693	-0.59888	1
