1	-0.19775	0.0153	0.054139	-0.30086	0.37976	-0.24476	0.2527	0.15215	-0.19775	1	0.35762	0.40784	0.36474	-0.33546	-0.33323	-0.70543	0.093168	0.0153	0.35762	1	0.60127	0.17786	-0.32354	-0.40879	-0.42031	0.060536	0.054139	0.40784	0.60127	1	0.017968	-0.62885	-0.027119	-0.31484	0.37562	-0.30086	0.36474	0.17786	0.017968	1	0.025261	0.27576	-0.64964	0.15565	0.37976	-0.33546	-0.32354	-0.62885	0.025261	1	0.0067984	0.042135	0.28502	-0.24476	-0.33323	-0.40879	-0.027119	0.27576	0.0067984	1	0.07052	0.23324	0.2527	-0.70543	-0.42031	-0.31484	-0.64964	0.042135	0.07052	1	-0.45975	0.15215	0.093168	0.060536	0.37562	0.15565	0.28502	0.23324	-0.45975	1
