1	-0.12511	0.084376	-0.58555	0.023724	-0.16106	-0.20942	0.24618	-0.077942	-0.12511	1	0.27005	0.25182	-0.70939	0.05844	-0.62469	-0.1829	0.45274	0.084376	0.27005	1	0.13612	0.17289	-0.24732	-0.099243	-0.3357	0.72588	-0.58555	0.25182	0.13612	1	-0.392	-0.25278	-0.0135	-0.032909	0.37362	0.023724	-0.70939	0.17289	-0.392	1	0.053906	0.55534	0.12057	-0.071002	-0.16106	0.05844	-0.24732	-0.25278	0.053906	1	0.30428	-0.30216	-0.42112	-0.20942	-0.62469	-0.099243	-0.0135	0.55534	0.30428	1	-0.043296	-0.1346	0.24618	-0.1829	-0.3357	-0.032909	0.12057	-0.30216	-0.043296	1	-0.11639	-0.077942	0.45274	0.72588	0.37362	-0.071002	-0.42112	-0.1346	-0.11639	1
