1	0.1946	0.1955	-0.14434	0.032197	0.0033931	-0.62412	0.017879	0.073408	0.1946	1	-0.25924	0.04405	0.37678	-0.31258	-0.3146	0.49243	0.7166	0.1955	-0.25924	1	-0.21577	0.13268	-0.40355	-0.02102	0.023959	0.17504	-0.14434	0.04405	-0.21577	1	-0.098568	0.54095	0.21724	0.15477	-0.045227	0.032197	0.37678	0.13268	-0.098568	1	-0.11016	0.47393	0.3885	0.74347	0.0033931	-0.31258	-0.40355	0.54095	-0.11016	1	0.30542	-0.19816	-0.43401	-0.62412	-0.3146	-0.02102	0.21724	0.47393	0.30542	1	-0.11356	0.03052	0.017879	0.49243	0.023959	0.15477	0.3885	-0.19816	-0.11356	1	0.43774	0.073408	0.7166	0.17504	-0.045227	0.74347	-0.43401	0.03052	0.43774	1
