1	-0.67704	-0.3135	-0.5614	0.58857	-0.18977	-0.22075	0.3661	0.48752	-0.67704	1	-0.22396	0.32018	-0.72263	-0.32864	0.42592	-0.27178	-0.51027	-0.3135	-0.22396	1	0.41261	0.17194	0.49578	0.097985	-0.021009	0.1216	-0.5614	0.32018	0.41261	1	-0.68707	-0.2591	0.20902	-0.59705	0.31278	0.58857	-0.72263	0.17194	-0.68707	1	0.47684	-0.29376	0.66349	0.036546	-0.18977	-0.32864	0.49578	-0.2591	0.47684	1	0.0053224	0.087209	-0.28209	-0.22075	0.42592	0.097985	0.20902	-0.29376	0.0053224	1	-0.39633	-0.20354	0.3661	-0.27178	-0.021009	-0.59705	0.66349	0.087209	-0.39633	1	0.0022141	0.48752	-0.51027	0.1216	0.31278	0.036546	-0.28209	-0.20354	0.0022141	1
