1	0.42168	0.13322	-0.28803	0.13964	-0.2878	0.2595	-0.27709	-0.013553	0.42168	1	-0.23284	-0.52003	0.33964	0.089125	0.36545	-0.033217	-0.041159	0.13322	-0.23284	1	0.5106	0.21309	0.02756	-0.22218	-0.69836	-0.19147	-0.28803	-0.52003	0.5106	1	-0.18559	-0.29003	0.011458	-0.034501	0.016736	0.13964	0.33964	0.21309	-0.18559	1	0.69493	0.22609	-0.66196	-0.69894	-0.2878	0.089125	0.02756	-0.29003	0.69493	1	0.051944	-0.33257	-0.69209	0.2595	0.36545	-0.22218	0.011458	0.22609	0.051944	1	0.1875	-0.5495	-0.27709	-0.033217	-0.69836	-0.034501	-0.66196	-0.33257	0.1875	1	0.43884	-0.013553	-0.041159	-0.19147	0.016736	-0.69894	-0.69209	-0.5495	0.43884	1
