1	0.047844	-0.52532	0.0053941	-0.36571	-0.048799	0.060349	-0.15835	0.52383	0.047844	1	-0.48616	0.0394	0.16499	-0.52261	0.008242	-0.55788	-0.46221	-0.52532	-0.48616	1	-0.28657	-0.093336	0.33664	-0.059165	0.54843	0.007539	0.0053941	0.0394	-0.28657	1	0.025279	-0.18317	-0.54332	0.060551	0.068277	-0.36571	0.16499	-0.093336	0.025279	1	-0.2756	-0.34545	-0.32876	-0.14558	-0.048799	-0.52261	0.33664	-0.18317	-0.2756	1	0.36666	0.72581	0.33306	0.060349	0.008242	-0.059165	-0.54332	-0.34545	0.36666	1	0.26367	-0.20383	-0.15835	-0.55788	0.54843	0.060551	-0.32876	0.72581	0.26367	1	0.39387	0.52383	-0.46221	0.007539	0.068277	-0.14558	0.33306	-0.20383	0.39387	1
