1	0.42337	0.25121	-0.1732	0.51856	0.64527	0.047459	0.54218	0.24008	0.42337	1	-0.11242	-0.63681	0.38911	0.58701	-0.052601	-0.084691	0.43203	0.25121	-0.11242	1	0.056888	-0.38267	0.011821	0.025387	0.091584	-0.22183	-0.1732	-0.63681	0.056888	1	-0.18243	-0.47714	-0.23179	0.088284	-0.77892	0.51856	0.38911	-0.38267	-0.18243	1	0.49794	-0.19512	0.33175	0.44578	0.64527	0.58701	0.011821	-0.47714	0.49794	1	0.17451	0.15016	0.57103	0.047459	-0.052601	0.025387	-0.23179	-0.19512	0.17451	1	0.08944	0.57103	0.54218	-0.084691	0.091584	0.088284	0.33175	0.15016	0.08944	1	0.057519	0.24008	0.43203	-0.22183	-0.77892	0.44578	0.57103	0.57103	0.057519	1
