1	-0.55138	-0.48996	0.30465	0.51182	-0.36449	-0.063169	-0.16758	-0.21235	-0.55138	1	0.094554	-0.11266	-0.35774	-0.018642	-0.57554	0.075671	-0.0061719	-0.48996	0.094554	1	-0.39662	-0.27927	0.29461	-0.0061149	-0.27745	-0.2964	0.30465	-0.11266	-0.39662	1	0.44181	0.24507	-0.043683	-0.39226	-0.1824	0.51182	-0.35774	-0.27927	0.44181	1	-0.037538	0.031187	-0.51936	-0.36728	-0.36449	-0.018642	0.29461	0.24507	-0.037538	1	-0.064189	0.051204	-0.15103	-0.063169	-0.57554	-0.0061149	-0.043683	0.031187	-0.064189	1	0.12403	0.44818	-0.16758	0.075671	-0.27745	-0.39226	-0.51936	0.051204	0.12403	1	0.61917	-0.21235	-0.0061719	-0.2964	-0.1824	-0.36728	-0.15103	0.44818	0.61917	1
