1	0.38698	0.21919	-0.36099	-0.10326	0.72732	0.30313	0.023337	-0.094568	0.38698	1	0.25806	0.079294	-0.29203	0.47921	-0.18355	-0.0027171	-0.52714	0.21919	0.25806	1	-0.22664	-0.52484	0.3246	-0.37902	-0.35925	-0.50147	-0.36099	0.079294	-0.22664	1	0.43651	-0.3481	-0.48763	-0.015101	0.12909	-0.10326	-0.29203	-0.52484	0.43651	1	-0.28551	0.081518	-0.29741	0.039522	0.72732	0.47921	0.3246	-0.3481	-0.28551	1	0.38121	-0.012142	-0.14751	0.30313	-0.18355	-0.37902	-0.48763	0.081518	0.38121	1	0.3486	0.095178	0.023337	-0.0027171	-0.35925	-0.015101	-0.29741	-0.012142	0.3486	1	0.53794	-0.094568	-0.52714	-0.50147	0.12909	0.039522	-0.14751	0.095178	0.53794	1
