1	-0.30396	0.50549	0.45527	-0.0024305	-0.44566	-0.49249	0.12728	-0.12313	-0.30396	1	-0.31038	-0.34458	0.046079	-0.14193	-0.13028	-0.30237	0.40253	0.50549	-0.31038	1	-0.12162	-0.024481	-0.42307	0.1722	0.28547	-0.50854	0.45527	-0.34458	-0.12162	1	-0.11344	0.18504	-0.59356	0.55876	0.074464	-0.0024305	0.046079	-0.024481	-0.11344	1	0.10733	0.22235	-0.23934	0.55126	-0.44566	-0.14193	-0.42307	0.18504	0.10733	1	0.045576	0.10082	0.47507	-0.49249	-0.13028	0.1722	-0.59356	0.22235	0.045576	1	0.069696	-0.30141	0.12728	-0.30237	0.28547	0.55876	-0.23934	0.10082	0.069696	1	-0.34716	-0.12313	0.40253	-0.50854	0.074464	0.55126	0.47507	-0.30141	-0.34716	1
