1	0.26096	-0.27882	-0.28624	0.10755	-0.19771	0.15785	0.035454	-0.36102	0.26096	1	0.22694	-0.40343	-0.39926	-0.025139	0.03942	0.20929	0.021341	-0.27882	0.22694	1	0.23822	-0.72169	-0.1527	0.28474	0.66266	-0.40075	-0.28624	-0.40343	0.23822	1	-0.12489	0.38595	0.082763	-0.12332	0.02142	0.10755	-0.39926	-0.72169	-0.12489	1	0.013217	-0.23475	-0.42698	0.17125	-0.19771	-0.025139	-0.1527	0.38595	0.013217	1	-0.46445	-0.72291	0.54903	0.15785	0.03942	0.28474	0.082763	-0.23475	-0.46445	1	0.69186	-0.22528	0.035454	0.20929	0.66266	-0.12332	-0.42698	-0.72291	0.69186	1	-0.55947	-0.36102	0.021341	-0.40075	0.02142	0.17125	0.54903	-0.22528	-0.55947	1
