1	-0.60624	-0.22493	0.29214	0.20541	-0.1042	-0.082296	0.06123	-0.016945	-0.60624	1	-0.064614	-0.65296	0.0094105	0.26707	0.48136	-0.30459	0.33452	-0.22493	-0.064614	1	0.49174	-0.79107	0.26384	0.23133	0.29705	-0.12286	0.29214	-0.65296	0.49174	1	-0.24206	-0.40448	0.055289	0.23109	-0.59334	0.20541	0.0094105	-0.79107	-0.24206	1	-0.1342	0.058361	-0.27937	0.27444	-0.1042	0.26707	0.26384	-0.40448	-0.1342	1	0.22406	-0.18563	0.80322	-0.082296	0.48136	0.23133	0.055289	0.058361	0.22406	1	-0.10841	0.088819	0.06123	-0.30459	0.29705	0.23109	-0.27937	-0.18563	-0.10841	1	-0.30953	-0.016945	0.33452	-0.12286	-0.59334	0.27444	0.80322	0.088819	-0.30953	1
