1	-0.11131	0.5725	-0.065049	0.17589	0.32814	0.32145	0.55089	-0.057325	-0.11131	1	0.45831	0.3116	-0.37238	0.37696	-0.38881	-0.34256	-0.45279	0.5725	0.45831	1	-0.19134	-0.00041907	0.58308	-0.1328	0.041601	-0.22932	-0.065049	0.3116	-0.19134	1	-0.045231	-0.05358	0.50755	0.13964	-0.31389	0.17589	-0.37238	-0.00041907	-0.045231	1	-0.29225	0.41441	-0.081092	0.65167	0.32814	0.37696	0.58308	-0.05358	-0.29225	1	-0.24592	-0.17959	-0.22465	0.32145	-0.38881	-0.1328	0.50755	0.41441	-0.24592	1	0.60059	0.11063	0.55089	-0.34256	0.041601	0.13964	-0.081092	-0.17959	0.60059	1	-0.36644	-0.057325	-0.45279	-0.22932	-0.31389	0.65167	-0.22465	0.11063	-0.36644	1
