1	0.17522	-0.061263	0.54253	-0.028965	0.42719	0.43828	-0.050724	-0.77174	0.17522	1	0.60268	0.42208	-0.27859	0.50348	0.56643	-0.26877	-0.35399	-0.061263	0.60268	1	0.10739	-0.34028	0.41478	0.54672	0.046222	-0.15592	0.54253	0.42208	0.10739	1	-0.08586	0.41634	0.26905	0.40449	-0.76327	-0.028965	-0.27859	-0.34028	-0.08586	1	-0.25164	-0.42846	-0.11062	-0.086888	0.42719	0.50348	0.41478	0.41634	-0.25164	1	0.76852	-0.047823	-0.58138	0.43828	0.56643	0.54672	0.26905	-0.42846	0.76852	1	-0.36147	-0.45263	-0.050724	-0.26877	0.046222	0.40449	-0.11062	-0.047823	-0.36147	1	-0.019166	-0.77174	-0.35399	-0.15592	-0.76327	-0.086888	-0.58138	-0.45263	-0.019166	1
