1	-0.44384	-0.32507	-0.19429	0.22377	-0.0063342	-0.30846	-0.06877	0.22321	-0.44384	1	0.27041	-0.076834	-0.16108	0.56459	0.68666	0.17873	-0.52055	-0.32507	0.27041	1	0.59333	-0.61051	0.33375	0.41651	0.45575	0.3236	-0.19429	-0.076834	0.59333	1	-0.10859	0.39542	0.22592	0.35826	0.23739	0.22377	-0.16108	-0.61051	-0.10859	1	-0.13998	-0.091492	0.0095195	-0.23267	-0.0063342	0.56459	0.33375	0.39542	-0.13998	1	0.41243	0.14708	-0.48146	-0.30846	0.68666	0.41651	0.22592	-0.091492	0.41243	1	0.084926	-0.30146	-0.06877	0.17873	0.45575	0.35826	0.0095195	0.14708	0.084926	1	0.14975	0.22321	-0.52055	0.3236	0.23739	-0.23267	-0.48146	-0.30146	0.14975	1
