1	-0.12295	-0.1775	0.23874	0.34286	-0.37323	0.23802	-0.13357	-0.38096	-0.12295	1	-0.16377	0.1973	-0.00886	-0.0014684	-0.37098	-0.066649	-0.14747	-0.1775	-0.16377	1	0.27355	-0.28594	0.26107	-0.48148	-0.08476	0.075061	0.23874	0.1973	0.27355	1	0.013795	0.052147	-0.44382	-0.59782	-0.55509	0.34286	-0.00886	-0.28594	0.013795	1	0.38229	0.27532	-0.021953	-0.36794	-0.37323	-0.0014684	0.26107	0.052147	0.38229	1	0.060144	-0.11034	-0.031767	0.23802	-0.37098	-0.48148	-0.44382	0.27532	0.060144	1	0.083827	0.21303	-0.13357	-0.066649	-0.08476	-0.59782	-0.021953	-0.11034	0.083827	1	0.33792	-0.38096	-0.14747	0.075061	-0.55509	-0.36794	-0.031767	0.21303	0.33792	1
