1	0.07975	0.38269	-0.58111	-0.16974	-0.49388	-0.45316	-0.07864	-0.17994	0.07975	1	0.59666	0.1081	0.12817	0.26277	0.37813	-0.0214	0.60646	0.38269	0.59666	1	-0.26023	0.42531	0.029716	0.066984	0.06139	0.55665	-0.58111	0.1081	-0.26023	1	0.27654	0.045408	0.36235	-0.15268	-0.15735	-0.16974	0.12817	0.42531	0.27654	1	-0.050503	0.37813	-0.38393	0.2067	-0.49388	0.26277	0.029716	0.045408	-0.050503	1	0.28449	0.57895	0.42714	-0.45316	0.37813	0.066984	0.36235	0.37813	0.28449	1	-0.10648	0.62427	-0.07864	-0.0214	0.06139	-0.15268	-0.38393	0.57895	-0.10648	1	0.20258	-0.17994	0.60646	0.55665	-0.15735	0.2067	0.42714	0.62427	0.20258	1
