1	0.33268	0.019873	-0.23072	0.25376	0.44133	0.57262	0.10804	-0.067836	0.33268	1	0.11648	0.36922	0.78206	0.28476	0.39267	0.075536	-0.083518	0.019873	0.11648	1	0.11177	-0.067584	0.26116	-0.2294	-0.30053	0.81619	-0.23072	0.36922	0.11177	1	0.42263	-0.10987	-0.42459	0.27912	0.0095546	0.25376	0.78206	-0.067584	0.42263	1	-0.25578	0.21095	-0.026036	-0.43056	0.44133	0.28476	0.26116	-0.10987	-0.25578	1	0.44374	0.010643	0.4793	0.57262	0.39267	-0.2294	-0.42459	0.21095	0.44374	1	-0.20726	-0.32203	0.10804	0.075536	-0.30053	0.27912	-0.026036	0.010643	-0.20726	1	-0.07949	-0.067836	-0.083518	0.81619	0.0095546	-0.43056	0.4793	-0.32203	-0.07949	1
