1	-0.24012	-0.58372	0.1087	0.52904	-0.77778	0.24752	-0.41207	-0.067304	-0.24012	1	0.056994	0.038848	-0.099399	0.36468	-0.23418	0.18431	0.070025	-0.58372	0.056994	1	0.14021	-0.53945	0.51371	0.1006	0.48479	-0.27639	0.1087	0.038848	0.14021	1	0.26102	0.075347	0.17806	0.25674	-0.24578	0.52904	-0.099399	-0.53945	0.26102	1	-0.40608	0.06608	-0.24923	-0.15979	-0.77778	0.36468	0.51371	0.075347	-0.40608	1	-0.37132	0.083184	-0.13122	0.24752	-0.23418	0.1006	0.17806	0.06608	-0.37132	1	0.30063	-0.53804	-0.41207	0.18431	0.48479	0.25674	-0.24923	0.083184	0.30063	1	-0.056161	-0.067304	0.070025	-0.27639	-0.24578	-0.15979	-0.13122	-0.53804	-0.056161	1
