1	-0.33366	0.17525	0.019113	-0.70744	0.11576	-0.35183	0.61011	-0.69398	-0.33366	1	-0.3354	-0.28905	0.58948	-0.44838	-0.25294	0.06115	0.12345	0.17525	-0.3354	1	-0.33492	-0.24622	0.53986	-0.1057	0.1476	0.098994	0.019113	-0.28905	-0.33492	1	0.028081	-0.20162	0.70671	0.10448	-0.49231	-0.70744	0.58948	-0.24622	0.028081	1	-0.3547	0.08754	-0.10045	0.28229	0.11576	-0.44838	0.53986	-0.20162	-0.3547	1	-0.0096177	-0.32433	0.25235	-0.35183	-0.25294	-0.1057	0.70671	0.08754	-0.0096177	1	-0.28695	-0.048943	0.61011	0.06115	0.1476	0.10448	-0.10045	-0.32433	-0.28695	1	-0.80891	-0.69398	0.12345	0.098994	-0.49231	0.28229	0.25235	-0.048943	-0.80891	1
