1	0.040566	0.63079	-0.42954	0.1636	0.24924	-0.0025377	-0.33313	-0.7852	0.040566	1	-0.11563	0.20511	0.18551	-0.41629	0.095641	0.31344	0.16988	0.63079	-0.11563	1	-0.2159	0.28337	0.39806	0.35774	-0.47281	-0.66977	-0.42954	0.20511	-0.2159	1	0.16187	-0.65898	0.6477	0.25982	0.76007	0.1636	0.18551	0.28337	0.16187	1	-0.24198	0.13294	0.32576	-0.24594	0.24924	-0.41629	0.39806	-0.65898	-0.24198	1	-0.26165	-0.58743	-0.49259	-0.0025377	0.095641	0.35774	0.6477	0.13294	-0.26165	1	-0.29445	0.28392	-0.33313	0.31344	-0.47281	0.25982	0.32576	-0.58743	-0.29445	1	0.3231	-0.7852	0.16988	-0.66977	0.76007	-0.24594	-0.49259	0.28392	0.3231	1
