1	0.43945	-0.034697	-0.39499	0.40375	0.18834	-0.2083	-0.58472	-0.037519	0.43945	1	-0.13877	0.02496	-7.5316e-05	-0.23038	0.45656	-0.23152	0.070267	-0.034697	-0.13877	1	-0.13257	-0.11465	-0.0045143	-0.25048	-0.36775	-0.28938	-0.39499	0.02496	-0.13257	1	-0.19977	-0.53755	0.06787	0.36939	-0.10173	0.40375	-7.5316e-05	-0.11465	-0.19977	1	0.15973	-0.45136	-0.14424	0.34103	0.18834	-0.23038	-0.0045143	-0.53755	0.15973	1	0.17871	-0.19061	-0.24676	-0.2083	0.45656	-0.25048	0.06787	-0.45136	0.17871	1	0.35047	-0.36421	-0.58472	-0.23152	-0.36775	0.36939	-0.14424	-0.19061	0.35047	1	-0.04639	-0.037519	0.070267	-0.28938	-0.10173	0.34103	-0.24676	-0.36421	-0.04639	1
