1	0.1063	0.41039	-0.29771	0.23008	-0.13151	0.55872	-0.14643	0.22087	0.1063	1	-0.11233	-0.17259	-0.24969	-0.34575	0.084283	0.33909	-0.26181	0.41039	-0.11233	1	-0.34612	0.31538	-0.2597	-0.045725	-0.33227	0.23916	-0.29771	-0.17259	-0.34612	1	-0.82454	0.4973	-0.1842	0.46531	-0.37509	0.23008	-0.24969	0.31538	-0.82454	1	-0.44927	0.17826	-0.61939	0.71323	-0.13151	-0.34575	-0.2597	0.4973	-0.44927	1	0.18495	0.30138	-0.58022	0.55872	0.084283	-0.045725	-0.1842	0.17826	0.18495	1	0.22763	0.12774	-0.14643	0.33909	-0.33227	0.46531	-0.61939	0.30138	0.22763	1	-0.61	0.22087	-0.26181	0.23916	-0.37509	0.71323	-0.58022	0.12774	-0.61	1
