1	-0.058892	-0.40026	0.51743	-0.49525	-0.52369	0.30404	-0.47623	0.6032	-0.058892	1	0.023413	0.35946	0.079364	0.2311	0.23613	0.33887	0.1047	-0.40026	0.023413	1	-0.56223	0.268	-0.10236	0.32892	0.14535	-0.81209	0.51743	0.35946	-0.56223	1	-0.55821	0.014096	0.31967	-0.29218	0.58705	-0.49525	0.079364	0.268	-0.55821	1	0.043308	-0.4993	0.7113	-0.37914	-0.52369	0.2311	-0.10236	0.014096	0.043308	1	0.16108	0.46522	0.022121	0.30404	0.23613	0.32892	0.31967	-0.4993	0.16108	1	-0.077399	-0.086887	-0.47623	0.33887	0.14535	-0.29218	0.7113	0.46522	-0.077399	1	-0.21017	0.6032	0.1047	-0.81209	0.58705	-0.37914	0.022121	-0.086887	-0.21017	1
