1	0.37176	0.61146	0.62199	-0.43448	-0.23955	-0.069121	-0.19935	0.010671	0.37176	1	0.56048	0.43983	-0.40827	0.098274	-0.19006	0.092124	0.13175	0.61146	0.56048	1	0.22113	-0.699	0.12257	-0.28653	-0.2524	0.41162	0.62199	0.43983	0.22113	1	0.1899	-0.16656	-0.28883	-0.35249	-0.41296	-0.43448	-0.40827	-0.699	0.1899	1	-0.2075	-0.0068616	-0.26957	-0.77879	-0.23955	0.098274	0.12257	-0.16656	-0.2075	1	-0.39845	0.24161	0.68293	-0.069121	-0.19006	-0.28653	-0.28883	-0.0068616	-0.39845	1	0.61453	-0.12097	-0.19935	0.092124	-0.2524	-0.35249	-0.26957	0.24161	0.61453	1	0.39232	0.010671	0.13175	0.41162	-0.41296	-0.77879	0.68293	-0.12097	0.39232	1
