1	0.287	-0.39501	0.065042	-0.27467	-0.15138	-0.037434	-0.049362	-0.071171	0.287	1	0.10055	-0.24791	-0.49421	-0.26377	-0.11253	0.61665	-0.17388	-0.39501	0.10055	1	0.40286	0.20774	0.61272	-0.12062	0.47961	-0.39927	0.065042	-0.24791	0.40286	1	0.66609	0.75175	0.27169	0.15324	-0.69629	-0.27467	-0.49421	0.20774	0.66609	1	0.56563	0.059333	0.17258	-0.495	-0.15138	-0.26377	0.61272	0.75175	0.56563	1	-0.043988	0.28502	-0.45451	-0.037434	-0.11253	-0.12062	0.27169	0.059333	-0.043988	1	-0.40902	-0.091714	-0.049362	0.61665	0.47961	0.15324	0.17258	0.28502	-0.40902	1	-0.57475	-0.071171	-0.17388	-0.39927	-0.69629	-0.495	-0.45451	-0.091714	-0.57475	1
