1	-0.29722	0.39733	-0.19496	0.085576	-0.033641	0.22692	0.019033	0.35025	-0.29722	1	-0.24462	-0.69985	0.22791	-0.33435	-0.67804	0.22915	-0.12579	0.39733	-0.24462	1	-0.14262	-0.3621	0.62212	0.21866	-0.56953	-0.11529	-0.19496	-0.69985	-0.14262	1	-0.28126	0.36898	0.35167	0.14454	0.10584	0.085576	0.22791	-0.3621	-0.28126	1	-0.6762	-0.15804	0.393	-0.053772	-0.033641	-0.33435	0.62212	0.36898	-0.6762	1	0.089725	-0.28736	-0.18916	0.22692	-0.67804	0.21866	0.35167	-0.15804	0.089725	1	-0.52684	0.35596	0.019033	0.22915	-0.56953	0.14454	0.393	-0.28736	-0.52684	1	-0.20203	0.35025	-0.12579	-0.11529	0.10584	-0.053772	-0.18916	0.35596	-0.20203	1
