1	0.19745	0.16076	0.13513	0.22418	0.24862	0.75829	0.43108	-0.11771	0.19745	1	-0.48254	0.31365	0.22816	0.17209	0.44209	0.10576	0.17864	0.16076	-0.48254	1	-0.51841	-0.26047	-0.25461	0.071844	0.41459	-0.046467	0.13513	0.31365	-0.51841	1	0.39617	0.020277	0.26156	-0.10023	0.060982	0.22418	0.22816	-0.26047	0.39617	1	0.46743	0.47885	-0.11018	-0.44106	0.24862	0.17209	-0.25461	0.020277	0.46743	1	0.038048	-0.031382	-0.26464	0.75829	0.44209	0.071844	0.26156	0.47885	0.038048	1	0.24848	-0.18058	0.43108	0.10576	0.41459	-0.10023	-0.11018	-0.031382	0.24848	1	0.45446	-0.11771	0.17864	-0.046467	0.060982	-0.44106	-0.26464	-0.18058	0.45446	1
