1	0.46938	0.36596	-0.17981	0.25524	0.48903	-0.33531	0.30657	-0.090968	0.46938	1	0.48563	-0.19842	0.051516	0.48523	-0.27238	0.56583	-0.4501	0.36596	0.48563	1	-0.72385	0.37359	0.64063	-0.63503	0.19133	-0.41333	-0.17981	-0.19842	-0.72385	1	-0.091808	-0.29595	0.78683	0.22898	0.22583	0.25524	0.051516	0.37359	-0.091808	1	0.42785	0.067723	-0.050188	-0.01274	0.48903	0.48523	0.64063	-0.29595	0.42785	1	-0.22577	0.36534	-0.54591	-0.33531	-0.27238	-0.63503	0.78683	0.067723	-0.22577	1	0.14064	0.0876	0.30657	0.56583	0.19133	0.22898	-0.050188	0.36534	0.14064	1	-0.76058	-0.090968	-0.4501	-0.41333	0.22583	-0.01274	-0.54591	0.0876	-0.76058	1
