1	-0.033572	-0.04982	-0.32572	-0.49719	-0.13108	-0.14877	0.20743	-0.70145	-0.033572	1	0.48384	-0.61871	0.098716	-0.42922	-0.056042	-0.26245	-0.29264	-0.04982	0.48384	1	-0.24797	-0.0083815	0.1765	-0.43323	-0.77558	0.10749	-0.32572	-0.61871	-0.24797	1	-0.094866	0.49638	0.11602	-0.17203	0.67765	-0.49719	0.098716	-0.0083815	-0.094866	1	0.16387	0.31535	-0.022182	0.15271	-0.13108	-0.42922	0.1765	0.49638	0.16387	1	-0.24232	-0.23104	0.52252	-0.14877	-0.056042	-0.43323	0.11602	0.31535	-0.24232	1	0.2238	-0.3325	0.20743	-0.26245	-0.77558	-0.17203	-0.022182	-0.23104	0.2238	1	-0.26644	-0.70145	-0.29264	0.10749	0.67765	0.15271	0.52252	-0.3325	-0.26644	1
