1	0.13821	-0.29344	0.47536	0.10715	-0.085194	0.035208	0.44179	-0.51371	0.13821	1	0.2297	-0.12618	-0.083458	-0.12117	-0.32546	-0.24726	0.16423	-0.29344	0.2297	1	-0.13481	-0.24907	0.073351	-0.6376	0.073512	0.24995	0.47536	-0.12618	-0.13481	1	-0.073798	0.28413	0.053688	0.23398	-0.61348	0.10715	-0.083458	-0.24907	-0.073798	1	0.56477	0.56657	0.25265	-0.40206	-0.085194	-0.12117	0.073351	0.28413	0.56477	1	0.49824	0.28571	-0.29481	0.035208	-0.32546	-0.6376	0.053688	0.56657	0.49824	1	0.17434	-0.079661	0.44179	-0.24726	0.073512	0.23398	0.25265	0.28571	0.17434	1	-0.069248	-0.51371	0.16423	0.24995	-0.61348	-0.40206	-0.29481	-0.079661	-0.069248	1
