1	-0.27061	-0.15458	-0.069104	0.36051	-0.3143	0.32057	-0.17317	0.093571	-0.27061	1	-0.059582	-0.0055908	-0.17619	0.049176	-0.54035	0.27547	0.45537	-0.15458	-0.059582	1	-0.30707	0.32258	-0.061861	0.0059676	-0.14399	0.11534	-0.069104	-0.0055908	-0.30707	1	-0.63752	0.042287	0.28991	-0.11412	-0.27036	0.36051	-0.17619	0.32258	-0.63752	1	-0.13844	-0.23343	-0.13198	0.22475	-0.3143	0.049176	-0.061861	0.042287	-0.13844	1	-0.35844	0.37717	-0.19558	0.32057	-0.54035	0.0059676	0.28991	-0.23343	-0.35844	1	-0.043993	-0.40099	-0.17317	0.27547	-0.14399	-0.11412	-0.13198	0.37717	-0.043993	1	-0.19447	0.093571	0.45537	0.11534	-0.27036	0.22475	-0.19558	-0.40099	-0.19447	1
