1	0.23471	0.054652	-0.33515	0.13418	-0.26718	-0.33294	0.55528	-0.21162	0.23471	1	-0.10694	-0.22961	0.14136	-0.77938	0.3561	0.21499	-0.33336	0.054652	-0.10694	1	-0.33647	0.033543	0.14615	-0.036052	0.089959	-0.20762	-0.33515	-0.22961	-0.33647	1	0.15706	0.33851	-0.17763	0.11208	0.070612	0.13418	0.14136	0.033543	0.15706	1	-0.38116	-0.1818	0.63235	0.16228	-0.26718	-0.77938	0.14615	0.33851	-0.38116	1	-0.10131	-0.16027	-0.17301	-0.33294	0.3561	-0.036052	-0.17763	-0.1818	-0.10131	1	-0.12759	-0.59916	0.55528	0.21499	0.089959	0.11208	0.63235	-0.16027	-0.12759	1	-0.36013	-0.21162	-0.33336	-0.20762	0.070612	0.16228	-0.17301	-0.59916	-0.36013	1
