1	-0.21628	-0.27112	-0.63984	0.33159	0.10008	0.42724	0.051763	0.45568	-0.21628	1	-0.090606	0.16911	0.39247	0.081418	0.19544	0.20439	-0.17319	-0.27112	-0.090606	1	0.49998	-0.0024883	-0.18783	-0.66705	-0.31571	0.095827	-0.63984	0.16911	0.49998	1	-0.29353	-0.41507	-0.73724	-0.34229	-0.35239	0.33159	0.39247	-0.0024883	-0.29353	1	0.32927	0.25095	-0.37761	0.37146	0.10008	0.081418	-0.18783	-0.41507	0.32927	1	0.6846	0.21704	0.72145	0.42724	0.19544	-0.66705	-0.73724	0.25095	0.6846	1	0.40854	0.41157	0.051763	0.20439	-0.31571	-0.34229	-0.37761	0.21704	0.40854	1	-0.091238	0.45568	-0.17319	0.095827	-0.35239	0.37146	0.72145	0.41157	-0.091238	1
