1	-0.40629	0.4021	-0.054945	0.50831	-0.12527	-0.1904	0.4761	0.26282	-0.40629	1	-0.31049	-0.29225	-0.53072	-0.26522	0.14681	-0.079939	-0.38745	0.4021	-0.31049	1	0.24849	0.23385	0.45019	-0.069875	-0.47568	0.3854	-0.054945	-0.29225	0.24849	1	0.42471	0.63797	-0.11547	-0.25796	-0.44994	0.50831	-0.53072	0.23385	0.42471	1	0.3792	-0.2407	0.30804	-0.02642	-0.12527	-0.26522	0.45019	0.63797	0.3792	1	-0.37363	-0.5317	-0.17032	-0.1904	0.14681	-0.069875	-0.11547	-0.2407	-0.37363	1	-0.22187	-0.12102	0.4761	-0.079939	-0.47568	-0.25796	0.30804	-0.5317	-0.22187	1	0.03869	0.26282	-0.38745	0.3854	-0.44994	-0.02642	-0.17032	-0.12102	0.03869	1
