1	-0.073692	-0.0075036	-0.20538	-0.33254	0.26111	-0.15445	0.6425	0.22866	-0.073692	1	0.55712	0.69328	-0.25996	-0.044594	0.33706	0.025516	-0.51717	-0.0075036	0.55712	1	0.75628	-0.0029826	0.087904	0.29979	-0.017619	-0.24858	-0.20538	0.69328	0.75628	1	0.14329	-0.049827	0.58062	-0.01011	-0.28557	-0.33254	-0.25996	-0.0029826	0.14329	1	0.20319	0.2375	-0.38376	0.35652	0.26111	-0.044594	0.087904	-0.049827	0.20319	1	0.51026	0.2621	0.65912	-0.15445	0.33706	0.29979	0.58062	0.2375	0.51026	1	0.12773	0.10275	0.6425	0.025516	-0.017619	-0.01011	-0.38376	0.2621	0.12773	1	0.064955	0.22866	-0.51717	-0.24858	-0.28557	0.35652	0.65912	0.10275	0.064955	1
