1	0.23893	0.060914	-0.59054	-0.52157	-0.0056132	-0.67637	-0.41676	-0.55508	0.23893	1	-0.68344	0.0026231	-0.17998	-0.50213	0.32612	-0.1164	-0.33854	0.060914	-0.68344	1	0.07233	0.388	0.67632	-0.54702	0.18648	-0.10581	-0.59054	0.0026231	0.07233	1	0.26813	0.2426	0.55259	-0.030354	-0.03526	-0.52157	-0.17998	0.388	0.26813	1	0.2453	0.15851	0.67356	0.26263	-0.0056132	-0.50213	0.67632	0.2426	0.2453	1	-0.095702	0.11344	-0.24229	-0.67637	0.32612	-0.54702	0.55259	0.15851	-0.095702	1	0.19099	0.0050615	-0.41676	-0.1164	0.18648	-0.030354	0.67356	0.11344	0.19099	1	0.21366	-0.55508	-0.33854	-0.10581	-0.03526	0.26263	-0.24229	0.0050615	0.21366	1
