1	0.45794	-0.086235	0.069187	0.27607	0.12246	-0.37077	0.32868	-0.61497	0.45794	1	0.229	0.027669	0.33958	0.4439	-0.070943	0.157	-0.57052	-0.086235	0.229	1	-0.35526	0.48127	0.34164	0.30034	-0.15821	-0.13543	0.069187	0.027669	-0.35526	1	-0.39027	0.45781	-0.076188	-0.30765	-0.38263	0.27607	0.33958	0.48127	-0.39027	1	0.050623	0.40308	0.047701	-0.13455	0.12246	0.4439	0.34164	0.45781	0.050623	1	-0.12606	0.10952	-0.81831	-0.37077	-0.070943	0.30034	-0.076188	0.40308	-0.12606	1	-0.29805	0.3813	0.32868	0.157	-0.15821	-0.30765	0.047701	0.10952	-0.29805	1	-0.32109	-0.61497	-0.57052	-0.13543	-0.38263	-0.13455	-0.81831	0.3813	-0.32109	1
