1	-0.23475	-0.29379	-0.35548	-0.01879	0.24845	-0.30711	-0.54789	-0.21208	-0.23475	1	0.023501	0.41368	-0.37046	-0.22197	-0.5468	0.024107	0.61788	-0.29379	0.023501	1	-0.31292	-0.056266	0.28079	0.23628	0.67065	-0.2764	-0.35548	0.41368	-0.31292	1	-0.13899	-0.71579	-0.40573	0.25074	0.10953	-0.01879	-0.37046	-0.056266	-0.13899	1	0.021144	0.53511	-0.24143	0.034835	0.24845	-0.22197	0.28079	-0.71579	0.021144	1	0.42514	-0.06408	-0.10816	-0.30711	-0.5468	0.23628	-0.40573	0.53511	0.42514	1	0.22781	-0.16888	-0.54789	0.024107	0.67065	0.25074	-0.24143	-0.06408	0.22781	1	-0.48288	-0.21208	0.61788	-0.2764	0.10953	0.034835	-0.10816	-0.16888	-0.48288	1
