1	-0.11116	0.48036	-0.017331	0.22686	-0.26468	0.51466	0.17938	0.69	-0.11116	1	-0.3867	0.23142	-0.084583	0.29404	0.13741	-0.47908	-0.39571	0.48036	-0.3867	1	-0.40589	0.08806	-0.36863	-0.11348	0.67733	0.49326	-0.017331	0.23142	-0.40589	1	0.76048	0.16758	0.36669	-0.11023	0.1696	0.22686	-0.084583	0.08806	0.76048	1	-0.2647	0.42762	0.32019	0.66133	-0.26468	0.29404	-0.36863	0.16758	-0.2647	1	0.083747	-0.19418	-0.43998	0.51466	0.13741	-0.11348	0.36669	0.42762	0.083747	1	0.013732	0.51541	0.17938	-0.47908	0.67733	-0.11023	0.32019	-0.19418	0.013732	1	0.57812	0.69	-0.39571	0.49326	0.1696	0.66133	-0.43998	0.51541	0.57812	1
