1	-0.30605	-0.33891	0.111	-0.45008	0.36266	-0.42631	-0.42548	-0.51052	-0.30605	1	0.036536	-0.57647	0.65946	-0.2852	0.5411	0.10444	0.38181	-0.33891	0.036536	1	-0.071036	-0.011088	0.38739	0.060614	-0.39036	0.05787	0.111	-0.57647	-0.071036	1	-0.36276	-0.32574	-0.34244	-0.063569	-0.70691	-0.45008	0.65946	-0.011088	-0.36276	1	-0.21808	0.5695	0.16952	0.3185	0.36266	-0.2852	0.38739	-0.32574	-0.21808	1	-0.50532	-0.30163	-0.10973	-0.42631	0.5411	0.060614	-0.34244	0.5695	-0.50532	1	0.052563	0.46686	-0.42548	0.10444	-0.39036	-0.063569	0.16952	-0.30163	0.052563	1	0.18443	-0.51052	0.38181	0.05787	-0.70691	0.3185	-0.10973	0.46686	0.18443	1
