1	0.024153	-0.11956	0.0021186	-0.68175	-0.19965	0.38363	0.071778	-0.18445	0.024153	1	-0.47954	0.47771	0.45669	-0.12921	0.064669	0.48696	0.53745	-0.11956	-0.47954	1	0.13977	0.051563	0.13104	0.04134	-0.047065	-0.082996	0.0021186	0.47771	0.13977	1	0.14509	0.10781	-0.20708	0.30483	0.43978	-0.68175	0.45669	0.051563	0.14509	1	0.033593	0.033625	0.49559	0.42264	-0.19965	-0.12921	0.13104	0.10781	0.033593	1	-0.58871	-0.16833	0.60904	0.38363	0.064669	0.04134	-0.20708	0.033625	-0.58871	1	0.44796	-0.11205	0.071778	0.48696	-0.047065	0.30483	0.49559	-0.16833	0.44796	1	0.31631	-0.18445	0.53745	-0.082996	0.43978	0.42264	0.60904	-0.11205	0.31631	1
