1	0.39984	-0.37934	0.38069	0.37179	0.15602	0.34678	0.28861	-0.49505	0.39984	1	-0.60257	0.46847	-0.028043	0.573	0.15755	-0.077858	0.010782	-0.37934	-0.60257	1	0.090283	0.051147	-0.36392	-0.24185	0.28429	-0.16666	0.38069	0.46847	0.090283	1	-0.036386	0.031242	0.061456	0.47876	-0.069028	0.37179	-0.028043	0.051147	-0.036386	1	0.2722	0.17622	0.65323	-0.12036	0.15602	0.573	-0.36392	0.031242	0.2722	1	-0.0027834	0.07678	0.16499	0.34678	0.15755	-0.24185	0.061456	0.17622	-0.0027834	1	0.21305	0.1742	0.28861	-0.077858	0.28429	0.47876	0.65323	0.07678	0.21305	1	0.09117	-0.49505	0.010782	-0.16666	-0.069028	-0.12036	0.16499	0.1742	0.09117	1
