1	-0.58052	0.76579	0.16218	0.23757	0.15336	-0.36257	-0.23413	-0.35092	-0.58052	1	-0.57258	0.15316	-0.17671	0.21507	0.12996	0.27872	0.53842	0.76579	-0.57258	1	0.24294	0.25868	0.026547	-0.43906	-0.42978	-0.37068	0.16218	0.15316	0.24294	1	0.60436	0.025483	-0.56626	0.14275	-0.081053	0.23757	-0.17671	0.25868	0.60436	1	-0.087423	-0.72916	-0.052268	-0.41584	0.15336	0.21507	0.026547	0.025483	-0.087423	1	-0.13841	0.10418	0.31518	-0.36257	0.12996	-0.43906	-0.56626	-0.72916	-0.13841	1	0.020122	0.17039	-0.23413	0.27872	-0.42978	0.14275	-0.052268	0.10418	0.020122	1	0.43084	-0.35092	0.53842	-0.37068	-0.081053	-0.41584	0.31518	0.17039	0.43084	1
