1	0.12346	0.26572	0.47165	-0.1671	-0.38648	-0.068295	0.115	-0.35129	0.12346	1	0.77259	0.10489	0.19105	0.24306	-0.22324	0.019503	-0.69982	0.26572	0.77259	1	0.30675	-0.2234	0.17148	-0.36217	0.14078	-0.55636	0.47165	0.10489	0.30675	1	0.30065	-0.012887	-0.07531	0.052799	-0.53644	-0.1671	0.19105	-0.2234	0.30065	1	0.13907	0.21507	0.13036	-0.54538	-0.38648	0.24306	0.17148	-0.012887	0.13907	1	-0.22547	0.14878	0.019971	-0.068295	-0.22324	-0.36217	-0.07531	0.21507	-0.22547	1	0.24816	0.05627	0.115	0.019503	0.14078	0.052799	0.13036	0.14878	0.24816	1	-0.020047	-0.35129	-0.69982	-0.55636	-0.53644	-0.54538	0.019971	0.05627	-0.020047	1
