1	-0.058577	0.0067773	0.4662	-0.20863	0.52266	0.10845	-0.17122	0.093266	-0.058577	1	0.16658	0.24859	0.23157	0.27836	-0.063639	-0.27848	0.094968	0.0067773	0.16658	1	-0.068269	0.52728	0.093501	0.20851	0.24712	-0.080721	0.4662	0.24859	-0.068269	1	0.16404	0.35394	-0.054171	-0.20835	-0.036765	-0.20863	0.23157	0.52728	0.16404	1	0.24467	0.3679	0.40995	-0.0054353	0.52266	0.27836	0.093501	0.35394	0.24467	1	-0.12284	-0.43764	0.27481	0.10845	-0.063639	0.20851	-0.054171	0.3679	-0.12284	1	0.39211	-0.39072	-0.17122	-0.27848	0.24712	-0.20835	0.40995	-0.43764	0.39211	1	-0.45107	0.093266	0.094968	-0.080721	-0.036765	-0.0054353	0.27481	-0.39072	-0.45107	1
