1	0.18755	0.30181	-0.024615	-0.42736	0.30886	-0.32614	0.20495	-0.4929	0.18755	1	-0.32858	-0.64556	0.33647	-0.25947	-0.21686	-0.011081	0.14477	0.30181	-0.32858	1	0.23774	-0.4897	-0.11548	0.36373	-0.025941	-0.47246	-0.024615	-0.64556	0.23774	1	-0.056509	0.51629	0.16218	-0.11174	0.019423	-0.42736	0.33647	-0.4897	-0.056509	1	0.038157	-0.2622	-0.11987	0.60019	0.30886	-0.25947	-0.11548	0.51629	0.038157	1	-0.307	0.28399	0.090485	-0.32614	-0.21686	0.36373	0.16218	-0.2622	-0.307	1	-0.17273	0.12079	0.20495	-0.011081	-0.025941	-0.11174	-0.11987	0.28399	-0.17273	1	0.37059	-0.4929	0.14477	-0.47246	0.019423	0.60019	0.090485	0.12079	0.37059	1
