1	-0.2933	-0.32272	-0.30071	0.38039	0.067973	0.1193	-0.0067584	0.22816	-0.2933	1	0.41875	0.078814	0.11802	0.037778	0.45682	0.52353	-0.050048	-0.32272	0.41875	1	0.0020741	-0.13908	0.20557	0.42156	0.27396	-0.28067	-0.30071	0.078814	0.0020741	1	-0.40295	0.62416	-0.56844	-0.34181	-0.2073	0.38039	0.11802	-0.13908	-0.40295	1	-0.32179	0.62253	0.2731	0.66166	0.067973	0.037778	0.20557	0.62416	-0.32179	1	-0.42746	-0.26811	-0.58218	0.1193	0.45682	0.42156	-0.56844	0.62253	-0.42746	1	0.67959	0.39788	-0.0067584	0.52353	0.27396	-0.34181	0.2731	-0.26811	0.67959	1	0.042749	0.22816	-0.050048	-0.28067	-0.2073	0.66166	-0.58218	0.39788	0.042749	1
