1	0.055449	-0.22758	-0.37077	0.40705	-0.1606	-0.085254	0.10461	0.054302	0.055449	1	0.063304	0.067729	-0.38868	-0.3093	0.29113	-0.30098	-0.30967	-0.22758	0.063304	1	0.18805	0.14723	-0.083734	-0.065833	-0.60931	-0.053838	-0.37077	0.067729	0.18805	1	0.18312	0.0034925	-0.16748	-0.31391	-0.15845	0.40705	-0.38868	0.14723	0.18312	1	0.27735	-0.79668	-0.21184	-0.19541	-0.1606	-0.3093	-0.083734	0.0034925	0.27735	1	-0.65423	0.055179	-0.1364	-0.085254	0.29113	-0.065833	-0.16748	-0.79668	-0.65423	1	0.23822	0.41981	0.10461	-0.30098	-0.60931	-0.31391	-0.21184	0.055179	0.23822	1	0.4929	0.054302	-0.30967	-0.053838	-0.15845	-0.19541	-0.1364	0.41981	0.4929	1
