1	0.55201	0.32588	-0.080716	-0.32517	0.063476	-0.38725	-0.076905	-0.30676	0.55201	1	0.31439	0.020093	-0.59426	-0.39498	-0.017034	0.36493	-0.14808	0.32588	0.31439	1	0.083691	-0.28546	0.26967	-0.28666	0.4583	-0.42158	-0.080716	0.020093	0.083691	1	-0.20772	-0.028551	-0.19652	0.22249	0.58216	-0.32517	-0.59426	-0.28546	-0.20772	1	-0.095176	0.23587	-0.57396	0.13885	0.063476	-0.39498	0.26967	-0.028551	-0.095176	1	-0.003145	0.11335	-0.11687	-0.38725	-0.017034	-0.28666	-0.19652	0.23587	-0.003145	1	0.19693	0.24866	-0.076905	0.36493	0.4583	0.22249	-0.57396	0.11335	0.19693	1	-0.19436	-0.30676	-0.14808	-0.42158	0.58216	0.13885	-0.11687	0.24866	-0.19436	1
