1	-0.10488	0.046815	0.34108	0.28668	-0.35879	-0.067086	-0.14189	0.39402	-0.10488	1	0.69462	-0.48009	0.44181	-0.21476	0.31689	-0.50872	0.66694	0.046815	0.69462	1	-0.56775	0.53445	-0.54058	0.28369	-0.77863	0.5358	0.34108	-0.48009	-0.56775	1	-0.28543	-0.14416	-0.34817	0.3112	-0.11184	0.28668	0.44181	0.53445	-0.28543	1	-0.387	0.34082	-0.29257	0.45649	-0.35879	-0.21476	-0.54058	-0.14416	-0.387	1	0.2686	0.47226	-0.1139	-0.067086	0.31689	0.28369	-0.34817	0.34082	0.2686	1	-0.32221	0.48795	-0.14189	-0.50872	-0.77863	0.3112	-0.29257	0.47226	-0.32221	1	-0.49832	0.39402	0.66694	0.5358	-0.11184	0.45649	-0.1139	0.48795	-0.49832	1
