1	0.3173	0.010732	0.28867	-0.12188	-0.14672	-0.060722	-0.02687	-0.16444	0.3173	1	0.12888	0.44386	0.30854	-0.32353	-0.2216	-0.091814	-0.30831	0.010732	0.12888	1	-0.22014	0.31435	-0.14089	0.081423	0.058768	0.21018	0.28867	0.44386	-0.22014	1	-0.10597	-0.36716	0.2919	-0.38963	-0.62441	-0.12188	0.30854	0.31435	-0.10597	1	0.16943	-0.10431	0.57295	0.20762	-0.14672	-0.32353	-0.14089	-0.36716	0.16943	1	0.36012	-0.054762	0.46072	-0.060722	-0.2216	0.081423	0.2919	-0.10431	0.36012	1	-0.20305	0.0038687	-0.02687	-0.091814	0.058768	-0.38963	0.57295	-0.054762	-0.20305	1	0.49616	-0.16444	-0.30831	0.21018	-0.62441	0.20762	0.46072	0.0038687	0.49616	1
