1	-0.87692	-0.044602	0.13057	-0.078615	-0.74742	0.49293	-0.2414	-0.73177	-0.87692	1	0.41672	-0.045591	-0.032164	0.70063	-0.62933	0.1223	0.53369	-0.044602	0.41672	1	0.13852	-0.40705	0.19435	-0.54513	-0.42382	-0.28706	0.13057	-0.045591	0.13852	1	-0.12443	0.09825	0.0016444	-0.45538	0.095128	-0.078615	-0.032164	-0.40705	-0.12443	1	-0.33055	0.2942	0.060399	-0.11825	-0.74742	0.70063	0.19435	0.09825	-0.33055	1	-0.55484	0.14124	0.70809	0.49293	-0.62933	-0.54513	0.0016444	0.2942	-0.55484	1	-0.16395	-0.17501	-0.2414	0.1223	-0.42382	-0.45538	0.060399	0.14124	-0.16395	1	0.45595	-0.73177	0.53369	-0.28706	0.095128	-0.11825	0.70809	-0.17501	0.45595	1
