1	0.51785	0.066072	0.34616	0.47312	0.1333	-0.24521	-0.11339	-0.80492	0.51785	1	0.24327	0.011927	-0.22141	0.43446	0.10296	-0.17712	-0.33477	0.066072	0.24327	1	-0.33917	-0.15627	-0.023787	-0.014079	0.37669	0.21024	0.34616	0.011927	-0.33917	1	0.48053	-0.1154	-0.65827	-0.32389	-0.0089075	0.47312	-0.22141	-0.15627	0.48053	1	0.11954	-0.68675	-0.00087762	-0.27751	0.1333	0.43446	-0.023787	-0.1154	0.11954	1	-0.24711	-0.13713	-0.089992	-0.24521	0.10296	-0.014079	-0.65827	-0.68675	-0.24711	1	0.23659	-0.09735	-0.11339	-0.17712	0.37669	-0.32389	-0.00087762	-0.13713	0.23659	1	0.12158	-0.80492	-0.33477	0.21024	-0.0089075	-0.27751	-0.089992	-0.09735	0.12158	1
