1	0.2818	0.050508	0.18285	-0.20954	-0.22959	-0.085939	0.058852	-0.14607	0.2818	1	-0.31936	0.53769	0.2057	-0.51825	0.18279	0.19338	-0.12523	0.050508	-0.31936	1	-0.124	0.23069	-0.17784	0.1126	0.053683	0.66896	0.18285	0.53769	-0.124	1	0.2399	-0.097497	0.39244	0.14894	-0.26366	-0.20954	0.2057	0.23069	0.2399	1	-0.17838	-0.2892	0.50555	-0.05788	-0.22959	-0.51825	-0.17784	-0.097497	-0.17838	1	-0.24817	0.3073	-0.019224	-0.085939	0.18279	0.1126	0.39244	-0.2892	-0.24817	1	-0.4814	0.36189	0.058852	0.19338	0.053683	0.14894	0.50555	0.3073	-0.4814	1	-0.00070422	-0.14607	-0.12523	0.66896	-0.26366	-0.05788	-0.019224	0.36189	-0.00070422	1
