1	0.13511	0.2603	0.15515	0.50609	0.37167	-0.011715	-0.084055	0.11894	0.13511	1	0.10187	-0.086831	0.47851	0.35728	-0.58325	-0.46869	0.34154	0.2603	0.10187	1	-0.44924	-0.1815	0.43289	-0.13735	0.023849	0.63317	0.15515	-0.086831	-0.44924	1	0.42136	-0.39725	-0.26849	-0.091048	-0.72998	0.50609	0.47851	-0.1815	0.42136	1	0.2421	-0.56072	-0.30128	-0.1938	0.37167	0.35728	0.43289	-0.39725	0.2421	1	-0.20823	0.32952	0.4968	-0.011715	-0.58325	-0.13735	-0.26849	-0.56072	-0.20823	1	0.15738	-0.12944	-0.084055	-0.46869	0.023849	-0.091048	-0.30128	0.32952	0.15738	1	-0.09294	0.11894	0.34154	0.63317	-0.72998	-0.1938	0.4968	-0.12944	-0.09294	1
