1	-0.37594	0.24777	0.049472	0.38613	0.19313	-0.056417	-0.40698	-0.51351	-0.37594	1	0.29489	-0.34793	-0.15618	-0.12846	0.075285	-0.4681	0.79799	0.24777	0.29489	1	-0.18925	-0.034894	-0.40252	0.21085	-0.40945	0.16064	0.049472	-0.34793	-0.18925	1	0.28877	-0.31888	-0.078037	0.35026	-0.18601	0.38613	-0.15618	-0.034894	0.28877	1	0.12877	0.11205	-0.25236	0.1226	0.19313	-0.12846	-0.40252	-0.31888	0.12877	1	-0.027869	0.17406	-0.33243	-0.056417	0.075285	0.21085	-0.078037	0.11205	-0.027869	1	0.19399	0.051251	-0.40698	-0.4681	-0.40945	0.35026	-0.25236	0.17406	0.19399	1	-0.38884	-0.51351	0.79799	0.16064	-0.18601	0.1226	-0.33243	0.051251	-0.38884	1
