1	0.20337	-0.32085	-0.26334	0.61014	0.041612	-0.17305	0.3515	-0.32077	0.20337	1	-0.61542	0.065155	0.43083	-0.3002	0.21731	0.45449	-0.82874	-0.32085	-0.61542	1	-0.12279	-0.34573	0.64375	-0.18851	-0.086137	0.69521	-0.26334	0.065155	-0.12279	1	0.34609	0.055533	-0.069143	-0.011466	-0.23219	0.61014	0.43083	-0.34573	0.34609	1	-0.072198	-0.1658	0.28066	-0.49657	0.041612	-0.3002	0.64375	0.055533	-0.072198	1	-0.22515	-0.019406	0.33128	-0.17305	0.21731	-0.18851	-0.069143	-0.1658	-0.22515	1	0.25642	-0.25901	0.3515	0.45449	-0.086137	-0.011466	0.28066	-0.019406	0.25642	1	-0.38856	-0.32077	-0.82874	0.69521	-0.23219	-0.49657	0.33128	-0.25901	-0.38856	1
