1	0.16259	-0.38548	-0.13063	0.13913	-0.43797	-0.0047259	0.51014	-0.26519	0.16259	1	-0.50467	0.065843	0.0084512	-0.12111	-0.59869	0.24613	0.19944	-0.38548	-0.50467	1	-0.43268	-0.14142	-0.079323	0.57095	-0.11214	0.21435	-0.13063	0.065843	-0.43268	1	0.041527	0.46043	-0.2618	-0.41117	0.004975	0.13913	0.0084512	-0.14142	0.041527	1	0.22462	-0.37028	0.094333	-0.42715	-0.43797	-0.12111	-0.079323	0.46043	0.22462	1	-0.13677	-0.14064	-0.60092	-0.0047259	-0.59869	0.57095	-0.2618	-0.37028	-0.13677	1	0.2414	0.058463	0.51014	0.24613	-0.11214	-0.41117	0.094333	-0.14064	0.2414	1	-0.35033	-0.26519	0.19944	0.21435	0.004975	-0.42715	-0.60092	0.058463	-0.35033	1
