1	-0.28432	0.13744	-0.38272	0.48638	0.21862	0.048138	-0.36542	-0.55801	-0.28432	1	-0.20527	0.60649	0.16298	-0.35291	0.096894	-0.5036	0.12815	0.13744	-0.20527	1	-0.24755	-0.42327	-0.16371	-0.68487	0.11542	-0.21029	-0.38272	0.60649	-0.24755	1	0.076598	-0.28212	0.37481	-0.051391	0.30739	0.48638	0.16298	-0.42327	0.076598	1	0.46711	0.45406	-0.34411	0.062527	0.21862	-0.35291	-0.16371	-0.28212	0.46711	1	0.015093	-0.095898	-0.24735	0.048138	0.096894	-0.68487	0.37481	0.45406	0.015093	1	-0.19195	0.17835	-0.36542	-0.5036	0.11542	-0.051391	-0.34411	-0.095898	-0.19195	1	0.50802	-0.55801	0.12815	-0.21029	0.30739	0.062527	-0.24735	0.17835	0.50802	1
