1	0.49615	0.16267	-0.02172	-0.43882	0.28246	-0.311	0.25088	0.15928	0.49615	1	-0.082011	0.38747	-0.10273	0.079222	-0.13286	0.48572	0.76067	0.16267	-0.082011	1	-0.44911	-0.23419	0.54378	-0.66494	0.17633	-0.20898	-0.02172	0.38747	-0.44911	1	0.43036	-0.12339	0.33935	-0.12002	0.43774	-0.43882	-0.10273	-0.23419	0.43036	1	-0.32568	0.26762	-0.3067	0.065723	0.28246	0.079222	0.54378	-0.12339	-0.32568	1	-0.48409	-0.13126	-0.1101	-0.311	-0.13286	-0.66494	0.33935	0.26762	-0.48409	1	0.099594	-0.23525	0.25088	0.48572	0.17633	-0.12002	-0.3067	-0.13126	0.099594	1	0.09193	0.15928	0.76067	-0.20898	0.43774	0.065723	-0.1101	-0.23525	0.09193	1
