1	-0.33876	-0.00028169	-0.0023042	-0.25217	0.1078	-0.37719	0.2103	-0.51485	-0.33876	1	-0.11371	0.21618	0.18466	-0.6008	0.1716	-0.7121	0.25356	-0.00028169	-0.11371	1	-0.099909	0.46648	0.33785	0.41482	0.043123	-0.1779	-0.0023042	0.21618	-0.099909	1	-0.69464	-0.40127	0.24521	0.16178	-0.60431	-0.25217	0.18466	0.46648	-0.69464	1	0.30204	-0.037995	-0.33776	0.65473	0.1078	-0.6008	0.33785	-0.40127	0.30204	1	0.043617	0.58215	0.26812	-0.37719	0.1716	0.41482	0.24521	-0.037995	0.043617	1	0.1454	-0.18618	0.2103	-0.7121	0.043123	0.16178	-0.33776	0.58215	0.1454	1	-0.33703	-0.51485	0.25356	-0.1779	-0.60431	0.65473	0.26812	-0.18618	-0.33703	1
