1	-0.20315	-0.15669	0.50468	-0.25031	-0.092866	0.2712	-0.19482	0.44402	-0.20315	1	-0.37556	-0.0062934	-0.16774	-0.41632	0.11324	0.3474	-0.062995	-0.15669	-0.37556	1	-0.5068	0.28603	0.084526	-0.72133	-0.20569	-0.13526	0.50468	-0.0062934	-0.5068	1	0.058491	0.054418	0.76462	0.08526	0.521	-0.25031	-0.16774	0.28603	0.058491	1	0.36981	-0.11272	-0.12513	0.24672	-0.092866	-0.41632	0.084526	0.054418	0.36981	1	-0.029431	0.11187	0.33897	0.2712	0.11324	-0.72133	0.76462	-0.11272	-0.029431	1	-0.074124	0.33297	-0.19482	0.3474	-0.20569	0.08526	-0.12513	0.11187	-0.074124	1	-0.43001	0.44402	-0.062995	-0.13526	0.521	0.24672	0.33897	0.33297	-0.43001	1
