1	0.41048	-0.29475	-0.44284	0.53247	0.15032	0.56534	0.056688	0.064796	0.41048	1	-0.45659	-0.49629	0.29563	0.20724	0.095258	-0.020107	0.23718	-0.29475	-0.45659	1	0.22399	-0.035788	0.43331	0.32174	-0.26875	-0.40463	-0.44284	-0.49629	0.22399	1	-0.47648	-0.32847	-0.50872	0.32636	0.019878	0.53247	0.29563	-0.035788	-0.47648	1	0.52061	0.31318	-0.1934	-0.12279	0.15032	0.20724	0.43331	-0.32847	0.52061	1	0.68569	-0.24698	-0.1214	0.56534	0.095258	0.32174	-0.50872	0.31318	0.68569	1	-0.19513	-0.14484	0.056688	-0.020107	-0.26875	0.32636	-0.1934	-0.24698	-0.19513	1	0.11569	0.064796	0.23718	-0.40463	0.019878	-0.12279	-0.1214	-0.14484	0.11569	1
