1	0.013032	-0.50021	0.21625	-0.25227	-0.52505	0.041306	-0.70142	0.61443	0.013032	1	0.42604	-0.10918	0.46544	0.22022	0.36902	-0.25698	-0.59826	-0.50021	0.42604	1	-0.22312	0.64035	0.09853	0.56901	0.44931	-0.71291	0.21625	-0.10918	-0.22312	1	-0.19565	0.23811	-0.027677	-0.40783	-0.065557	-0.25227	0.46544	0.64035	-0.19565	1	-0.064173	0.48549	0.22795	-0.68576	-0.52505	0.22022	0.09853	0.23811	-0.064173	1	-0.36684	0.28932	-0.54837	0.041306	0.36902	0.56901	-0.027677	0.48549	-0.36684	1	-0.0039625	-0.20528	-0.70142	-0.25698	0.44931	-0.40783	0.22795	0.28932	-0.0039625	1	-0.26479	0.61443	-0.59826	-0.71291	-0.065557	-0.68576	-0.54837	-0.20528	-0.26479	1
