1	-0.36508	0.29115	-0.34973	-0.094304	0.046631	0.65655	0.023999	0.73675	-0.36508	1	-0.20083	-0.051083	0.40265	0.54357	-0.27882	0.29498	0.13039	0.29115	-0.20083	1	0.16914	0.046918	-0.34742	0.3272	-0.068804	0.010983	-0.34973	-0.051083	0.16914	1	-0.41631	0.13961	-0.25536	-0.3764	-0.69488	-0.094304	0.40265	0.046918	-0.41631	1	0.0074825	0.24509	-0.23919	0.20888	0.046631	0.54357	-0.34742	0.13961	0.0074825	1	-0.036976	0.33154	0.25794	0.65655	-0.27882	0.3272	-0.25536	0.24509	-0.036976	1	-0.30306	0.53086	0.023999	0.29498	-0.068804	-0.3764	-0.23919	0.33154	-0.30306	1	0.25224	0.73675	0.13039	0.010983	-0.69488	0.20888	0.25794	0.53086	0.25224	1
