1	0.19738	0.097651	0.18241	0.72375	0.13321	-0.030056	-0.042877	0.13854	0.19738	1	0.13457	0.54488	0.33981	-0.025757	0.36594	0.018825	0.42879	0.097651	0.13457	1	0.26302	0.23826	-0.36319	-0.36067	-0.8428	-0.73814	0.18241	0.54488	0.26302	1	0.22897	-0.0084336	-0.023261	-0.084586	0.085763	0.72375	0.33981	0.23826	0.22897	1	-0.16693	0.085284	-0.057765	0.17351	0.13321	-0.025757	-0.36319	-0.0084336	-0.16693	1	-0.40748	0.51991	0.19156	-0.030056	0.36594	-0.36067	-0.023261	0.085284	-0.40748	1	0.10757	0.54034	-0.042877	0.018825	-0.8428	-0.084586	-0.057765	0.51991	0.10757	1	0.66648	0.13854	0.42879	-0.73814	0.085763	0.17351	0.19156	0.54034	0.66648	1
