1	0.11884	-0.37635	-0.078827	-0.35977	0.37999	0.073577	0.33507	-0.27872	0.11884	1	0.084794	-0.37602	-0.17893	-0.12955	0.00017501	-0.20001	0.41589	-0.37635	0.084794	1	0.2502	0.27243	-0.39471	-0.23882	0.067638	0.011814	-0.078827	-0.37602	0.2502	1	0.3738	0.32404	-0.0065816	0.45398	-0.81349	-0.35977	-0.17893	0.27243	0.3738	1	-0.22155	0.097078	-0.021069	-0.0037642	0.37999	-0.12955	-0.39471	0.32404	-0.22155	1	0.33575	0.40778	-0.50257	0.073577	0.00017501	-0.23882	-0.0065816	0.097078	0.33575	1	-0.3335	0.18297	0.33507	-0.20001	0.067638	0.45398	-0.021069	0.40778	-0.3335	1	-0.53301	-0.27872	0.41589	0.011814	-0.81349	-0.0037642	-0.50257	0.18297	-0.53301	1
