1	-0.24195	-0.17899	0.29507	-0.010189	0.045011	0.24474	-0.13666	-0.28659	-0.24195	1	0.25761	-0.11768	-0.45952	-0.04129	0.13537	0.35543	-0.062486	-0.17899	0.25761	1	0.022316	-0.38621	0.25141	0.70301	0.030369	-0.46574	0.29507	-0.11768	0.022316	1	0.60199	-0.0025307	0.16494	-0.15051	-0.20595	-0.010189	-0.45952	-0.38621	0.60199	1	-0.34624	-0.20105	0.15191	0.4012	0.045011	-0.04129	0.25141	-0.0025307	-0.34624	1	-0.070254	-0.5377	-0.59337	0.24474	0.13537	0.70301	0.16494	-0.20105	-0.070254	1	0.26593	-0.34208	-0.13666	0.35543	0.030369	-0.15051	0.15191	-0.5377	0.26593	1	0.66214	-0.28659	-0.062486	-0.46574	-0.20595	0.4012	-0.59337	-0.34208	0.66214	1
